57405 0 57405 1
52695 784 51911 2
45267 2021 43246 4
35312 3678 31634 8
24525 5475 19050 16
15223 7023 8200 32
8657 8117 540 64
4335 8193 -3858 128
2159 8193 -6034 256
66406 0 66406 1
60056 893 59163 2
50416 2251 48165 4
38163 3975 34188 8
25680 5733 19947 16
15524 7162 8362 32
8668 8127 541 64
4335 8193 -3858 128
2159 8193 -6034 256
72270 0 72270 1
64734 963 63771 2
53566 2391 51175 4
39826 4149 35677 8
26322 5876 20446 16
15685 7236 8449 32
8674 8133 541 64
4335 8193 -3858 128
2159 8193 -6034 256
