72 1
72 2
73 3
73 4
74 5
74 6
74 7
75 8
75 9
75 10
75 11
76 12
76 13
76 14
76 15
77 16
77 17
77 18
77 19
78 20
78 21
79 22
78 23
79 24
79 25
79 26
79 27
79 28
79 29
79 30
79 31
79 32
79 33
79 34
79 35
79 36
79 37
80 38
80 39
80 40
80 41
80 42
80 43
80 44
80 45
80 46
80 47
80 48
80 49
80 50
81 51
81 52
81 53
81 54
81 55
81 56
81 57
81 58
81 59
81 60
81 61
81 62
81 63
81 64
82 65
82 66
82 67
82 68
82 69
82 70
82 71
82 72
82 73
82 74
82 75
82 76
82 77
82 78
82 79
82 80
82 81
82 82
82 83
82 84
82 85
82 86
82 87
82 88
82 89
82 90
82 91
82 92
82 93
82 94
82 95
82 96
83 97
83 98
83 99
83 100
83 101
83 102
83 103
83 104
83 105
83 106
83 107
83 108
83 109
83 110
83 111
83 112
83 113
83 114
83 115
83 116
83 117
83 118
83 119
83 120
83 121
83 122
83 123
83 124
83 125
83 126
83 127
83 128
83 129
83 130
83 131
83 132
83 133
83 134
83 135
83 136
83 137
84 138
84 139
84 140
84 141
84 142
84 143
84 144
84 145
84 146
84 147
84 148
84 149
84 150
84 151
84 152
84 153
84 154
84 155
84 156
84 157
84 158
84 159
84 160
84 161
84 162
84 163
84 164
84 165
84 166
84 167
84 168
84 169
84 170
84 171
84 172
84 173
84 174
84 175
84 176
84 177
84 178
84 179
84 180
84 181
84 182
84 183
84 184
84 185
84 186
84 187
84 188
84 189
84 190
84 191
84 192
85 193
85 194
85 195
85 196
85 197
85 198
85 199
85 200
85 201
85 202
85 203
85 204
85 205
85 206
85 207
85 208
85 209
85 210
85 211
85 212
85 213
85 214
85 215
85 216
85 217
85 218
85 219
85 220
85 221
85 222
85 223
85 224
85 225
85 226
85 227
85 228
85 229
85 230
85 231
85 232
85 233
85 234
85 235
85 236
85 237
85 238
85 239
85 240
85 241
85 242
85 243
85 244
85 245
85 246
85 247
85 248
85 249
85 250
85 251
85 252
85 253
85 254
85 255
85 256
85 257
85 258
85 259
85 260
85 261
85 262
85 263
85 264
85 265
86 266
86 267
86 268
86 269
86 270
86 271
86 272
86 273
86 274
86 275
86 276
86 277
86 278
86 279
86 280
86 281
86 282
86 283
86 284
86 285
86 286
86 287
86 288
86 289
86 290
86 291
86 292
86 293
86 294
86 295
86 296
86 297
86 298
86 299
86 300
86 301
86 302
86 303
86 304
86 305
86 306
86 307
86 308
86 309
86 310
86 311
86 312
86 313
86 314
86 315
86 316
86 317
86 318
86 319
86 320
86 321
86 322
86 323
86 324
86 325
86 326
86 327
86 328
86 329
86 330
86 331
86 332
86 333
86 334
86 335
86 336
86 337
86 338
86 339
86 340
86 341
86 342
86 343
86 344
86 345
86 346
86 347
86 348
86 349
86 350
86 351
86 352
86 353
86 354
86 355
86 356
86 357
86 358
86 359
86 360
86 361
86 362
87 363
87 364
87 365
87 366
87 367
87 368
87 369
87 370
87 371
87 372
87 373
87 374
87 375
87 376
87 377
87 378
87 379
87 380
87 381
87 382
87 383
87 384
87 385
87 386
87 387
87 388
87 389
87 390
87 391
87 392
87 393
87 394
87 395
87 396
87 397
87 398
87 399
87 400
87 401
87 402
87 403
87 404
87 405
87 406
87 407
87 408
87 409
87 410
87 411
87 412
87 413
87 414
87 415
87 416
87 417
87 418
87 419
87 420
87 421
87 422
87 423
87 424
87 425
87 426
87 427
87 428
87 429
87 430
87 431
87 432
87 433
87 434
87 435
87 436
87 437
87 438
87 439
87 440
87 441
87 442
87 443
87 444
87 445
87 446
87 447
87 448
87 449
87 450
87 451
87 452
87 453
87 454
87 455
87 456
87 457
87 458
87 459
87 460
87 461
87 462
87 463
87 464
87 465
87 466
87 467
87 468
87 469
87 470
87 471
87 472
87 473
87 474
87 475
87 476
87 477
87 478
87 479
87 480
87 481
87 482
87 483
87 484
87 485
87 486
87 487
87 488
87 489
87 490
87 491
88 492
88 493
88 494
88 495
88 496
88 497
88 498
88 499
88 500
88 501
88 502
88 503
88 504
88 505
88 506
88 507
88 508
88 509
88 510
88 511
88 512
88 513
88 514
88 515
88 516
88 517
88 518
88 519
88 520
88 521
88 522
88 523
88 524
88 525
88 526
88 527
88 528
88 529
88 530
88 531
88 532
88 533
88 534
88 535
88 536
88 537
88 538
88 539
88 540
88 541
88 542
88 543
88 544
88 545
88 546
88 547
88 548
88 549
88 550
88 551
88 552
88 553
88 554
88 555
88 556
88 557
88 558
88 559
88 560
88 561
88 562
88 563
88 564
88 565
88 566
88 567
88 568
88 569
88 570
88 571
88 572
88 573
88 574
88 575
88 576
88 577
88 578
88 579
88 580
88 581
88 582
88 583
88 584
88 585
88 586
88 587
88 588
88 589
88 590
88 591
88 592
88 593
88 594
88 595
88 596
88 597
88 598
88 599
88 600
88 601
88 602
88 603
88 604
88 605
88 606
88 607
88 608
88 609
88 610
88 611
88 612
88 613
88 614
88 615
88 616
88 617
88 618
88 619
88 620
88 621
88 622
88 623
88 624
88 625
88 626
88 627
88 628
88 629
88 630
88 631
88 632
88 633
88 634
88 635
88 636
88 637
88 638
88 639
88 640
88 641
88 642
88 643
88 644
88 645
88 646
88 647
88 648
88 649
88 650
88 651
88 652
88 653
88 654
88 655
88 656
88 657
88 658
88 659
88 660
88 661
88 662
88 663
89 664
89 665
89 666
89 667
89 668
89 669
89 670
89 671
89 672
89 673
89 674
89 675
89 676
89 677
89 678
89 679
89 680
89 681
89 682
89 683
89 684
89 685
89 686
89 687
89 688
89 689
89 690
89 691
89 692
89 693
89 694
89 695
89 696
89 697
89 698
89 699
89 700
89 701
89 702
89 703
89 704
89 705
89 706
89 707
89 708
89 709
89 710
89 711
89 712
89 713
89 714
89 715
89 716
89 717
89 718
89 719
89 720
89 721
89 722
89 723
89 724
89 725
89 726
89 727
89 728
89 729
89 730
89 731
89 732
89 733
89 734
89 735
89 736
89 737
89 738
89 739
89 740
89 741
89 742
89 743
89 744
89 745
89 746
89 747
89 748
89 749
89 750
89 751
89 752
89 753
89 754
89 755
89 756
89 757
89 758
89 759
89 760
89 761
89 762
89 763
89 764
89 765
89 766
89 767
89 768
89 769
89 770
89 771
89 772
89 773
89 774
89 775
89 776
89 777
89 778
89 779
89 780
89 781
89 782
89 783
89 784
89 785
89 786
89 787
89 788
89 789
89 790
89 791
89 792
89 793
89 794
89 795
89 796
89 797
89 798
89 799
89 800
89 801
89 802
89 803
89 804
89 805
89 806
89 807
89 808
89 809
89 810
89 811
89 812
89 813
89 814
89 815
89 816
89 817
89 818
89 819
89 820
89 821
89 822
89 823
89 824
89 825
89 826
89 827
89 828
89 829
89 830
89 831
89 832
89 833
89 834
89 835
89 836
89 837
89 838
89 839
89 840
89 841
89 842
89 843
89 844
89 845
89 846
89 847
89 848
89 849
89 850
89 851
89 852
89 853
89 854
89 855
89 856
89 857
89 858
89 859
89 860
89 861
89 862
89 863
89 864
89 865
89 866
89 867
89 868
89 869
89 870
89 871
89 872
89 873
89 874
89 875
89 876
89 877
89 878
89 879
89 880
89 881
89 882
89 883
89 884
89 885
89 886
89 887
89 888
89 889
89 890
89 891
89 892
89 893
90 894
90 895
90 896
90 897
90 898
90 899
90 900
90 901
90 902
90 903
90 904
90 905
90 906
90 907
90 908
90 909
90 910
90 911
90 912
90 913
90 914
90 915
90 916
90 917
90 918
90 919
90 920
90 921
90 922
90 923
90 924
90 925
90 926
90 927
90 928
90 929
90 930
90 931
90 932
90 933
90 934
90 935
90 936
90 937
90 938
90 939
90 940
90 941
90 942
90 943
90 944
90 945
90 946
90 947
90 948
90 949
90 950
90 951
90 952
90 953
90 954
90 955
90 956
90 957
90 958
90 959
90 960
90 961
90 962
90 963
90 964
90 965
90 966
90 967
90 968
90 969
90 970
90 971
90 972
90 973
90 974
90 975
90 976
90 977
90 978
90 979
90 980
90 981
90 982
90 983
90 984
90 985
90 986
90 987
90 988
90 989
90 990
90 991
90 992
90 993
90 994
90 995
90 996
90 997
90 998
90 999
90 1000
90 1001
90 1002
90 1003
90 1004
90 1005
90 1006
90 1007
90 1008
90 1009
90 1010
90 1011
90 1012
90 1013
90 1014
90 1015
90 1016
90 1017
90 1018
90 1019
90 1020
90 1021
90 1022
90 1023
90 1024
90 1025
90 1026
90 1027
90 1028
90 1029
90 1030
90 1031
90 1032
90 1033
90 1034
90 1035
90 1036
90 1037
90 1038
90 1039
90 1040
90 1041
90 1042
90 1043
90 1044
90 1045
90 1046
90 1047
90 1048
90 1049
90 1050
90 1051
90 1052
90 1053
90 1054
90 1055
90 1056
90 1057
90 1058
90 1059
90 1060
90 1061
90 1062
90 1063
90 1064
90 1065
90 1066
90 1067
90 1068
90 1069
90 1070
90 1071
90 1072
90 1073
90 1074
90 1075
90 1076
90 1077
90 1078
90 1079
90 1080
90 1081
90 1082
90 1083
90 1084
90 1085
90 1086
90 1087
90 1088
90 1089
90 1090
90 1091
90 1092
90 1093
90 1094
90 1095
90 1096
90 1097
90 1098
90 1099
90 1100
90 1101
90 1102
90 1103
90 1104
90 1105
90 1106
90 1107
90 1108
90 1109
90 1110
90 1111
90 1112
90 1113
90 1114
90 1115
90 1116
90 1117
90 1118
90 1119
90 1120
90 1121
90 1122
90 1123
90 1124
90 1125
90 1126
90 1127
90 1128
90 1129
90 1130
90 1131
90 1132
90 1133
90 1134
90 1135
90 1136
90 1137
90 1138
90 1139
90 1140
90 1141
90 1142
90 1143
90 1144
90 1145
90 1146
90 1147
90 1148
90 1149
90 1150
90 1151
90 1152
90 1153
90 1154
90 1155
90 1156
90 1157
90 1158
90 1159
90 1160
90 1161
90 1162
90 1163
90 1164
90 1165
90 1166
90 1167
90 1168
90 1169
90 1170
90 1171
90 1172
90 1173
90 1174
90 1175
90 1176
90 1177
90 1178
90 1179
90 1180
90 1181
90 1182
90 1183
90 1184
90 1185
90 1186
90 1187
90 1188
90 1189
90 1190
90 1191
90 1192
90 1193
90 1194
90 1195
90 1196
90 1197
90 1198
90 1199
90 1200
91 1201
91 1202
91 1203
91 1204
91 1205
91 1206
91 1207
91 1208
91 1209
91 1210
91 1211
91 1212
91 1213
91 1214
91 1215
91 1216
91 1217
91 1218
91 1219
91 1220
91 1221
91 1222
91 1223
91 1224
91 1225
91 1226
91 1227
91 1228
91 1229
91 1230
91 1231
91 1232
91 1233
91 1234
91 1235
91 1236
91 1237
91 1238
91 1239
91 1240
91 1241
91 1242
91 1243
91 1244
91 1245
91 1246
91 1247
91 1248
91 1249
91 1250
91 1251
91 1252
91 1253
91 1254
91 1255
91 1256
91 1257
91 1258
91 1259
91 1260
91 1261
91 1262
91 1263
91 1264
91 1265
91 1266
91 1267
91 1268
91 1269
91 1270
91 1271
91 1272
91 1273
91 1274
91 1275
91 1276
91 1277
91 1278
91 1279
91 1280
91 1281
91 1282
91 1283
91 1284
91 1285
91 1286
91 1287
91 1288
91 1289
91 1290
91 1291
91 1292
91 1293
91 1294
91 1295
91 1296
91 1297
91 1298
91 1299
91 1300
91 1301
91 1302
91 1303
91 1304
91 1305
91 1306
91 1307
91 1308
91 1309
91 1310
91 1311
91 1312
91 1313
91 1314
91 1315
91 1316
91 1317
91 1318
91 1319
91 1320
91 1321
91 1322
91 1323
91 1324
91 1325
91 1326
91 1327
91 1328
91 1329
91 1330
91 1331
91 1332
91 1333
91 1334
91 1335
91 1336
91 1337
91 1338
91 1339
91 1340
91 1341
91 1342
91 1343
91 1344
91 1345
91 1346
91 1347
91 1348
91 1349
91 1350
91 1351
91 1352
91 1353
91 1354
91 1355
91 1356
91 1357
91 1358
91 1359
91 1360
91 1361
91 1362
91 1363
91 1364
91 1365
91 1366
91 1367
91 1368
91 1369
91 1370
91 1371
91 1372
91 1373
91 1374
91 1375
91 1376
91 1377
91 1378
91 1379
91 1380
91 1381
91 1382
91 1383
91 1384
91 1385
91 1386
91 1387
91 1388
91 1389
91 1390
91 1391
91 1392
91 1393
91 1394
91 1395
91 1396
91 1397
91 1398
91 1399
91 1400
91 1401
91 1402
91 1403
91 1404
91 1405
91 1406
91 1407
91 1408
91 1409
91 1410
91 1411
91 1412
91 1413
91 1414
91 1415
91 1416
91 1417
91 1418
91 1419
91 1420
91 1421
91 1422
91 1423
91 1424
91 1425
91 1426
91 1427
91 1428
91 1429
91 1430
91 1431
91 1432
91 1433
91 1434
91 1435
91 1436
91 1437
91 1438
91 1439
91 1440
91 1441
91 1442
91 1443
91 1444
91 1445
91 1446
91 1447
91 1448
91 1449
91 1450
91 1451
91 1452
91 1453
91 1454
91 1455
91 1456
91 1457
91 1458
91 1459
91 1460
91 1461
91 1462
91 1463
91 1464
91 1465
91 1466
91 1467
91 1468
91 1469
91 1470
91 1471
91 1472
91 1473
91 1474
91 1475
91 1476
91 1477
91 1478
91 1479
91 1480
91 1481
91 1482
91 1483
91 1484
91 1485
91 1486
91 1487
91 1488
91 1489
91 1490
91 1491
91 1492
91 1493
91 1494
91 1495
91 1496
91 1497
91 1498
91 1499
91 1500
91 1501
91 1502
91 1503
91 1504
91 1505
91 1506
91 1507
91 1508
91 1509
91 1510
91 1511
91 1512
91 1513
91 1514
91 1515
91 1516
91 1517
91 1518
91 1519
91 1520
91 1521
91 1522
91 1523
91 1524
91 1525
91 1526
91 1527
91 1528
91 1529
91 1530
91 1531
91 1532
91 1533
91 1534
91 1535
91 1536
91 1537
91 1538
91 1539
91 1540
91 1541
91 1542
91 1543
91 1544
91 1545
91 1546
91 1547
91 1548
91 1549
91 1550
91 1551
91 1552
91 1553
91 1554
91 1555
91 1556
91 1557
91 1558
91 1559
91 1560
91 1561
91 1562
91 1563
91 1564
91 1565
91 1566
91 1567
91 1568
91 1569
91 1570
91 1571
91 1572
91 1573
91 1574
91 1575
91 1576
91 1577
91 1578
91 1579
91 1580
91 1581
91 1582
91 1583
91 1584
91 1585
91 1586
91 1587
91 1588
91 1589
91 1590
91 1591
91 1592
91 1593
91 1594
91 1595
91 1596
91 1597
91 1598
91 1599
91 1600
91 1601
91 1602
91 1603
91 1604
91 1605
91 1606
91 1607
91 1608
91 1609
92 1610
92 1611
92 1612
92 1613
92 1614
92 1615
92 1616
92 1617
92 1618
92 1619
92 1620
92 1621
92 1622
92 1623
92 1624
92 1625
92 1626
92 1627
92 1628
92 1629
92 1630
92 1631
92 1632
92 1633
92 1634
92 1635
92 1636
92 1637
92 1638
92 1639
92 1640
92 1641
92 1642
92 1643
92 1644
92 1645
92 1646
92 1647
92 1648
92 1649
92 1650
92 1651
92 1652
92 1653
92 1654
92 1655
92 1656
92 1657
92 1658
92 1659
92 1660
92 1661
92 1662
92 1663
92 1664
92 1665
92 1666
92 1667
92 1668
92 1669
92 1670
92 1671
92 1672
92 1673
92 1674
92 1675
92 1676
92 1677
92 1678
92 1679
92 1680
92 1681
92 1682
92 1683
92 1684
92 1685
92 1686
92 1687
92 1688
92 1689
92 1690
92 1691
92 1692
92 1693
92 1694
92 1695
92 1696
92 1697
92 1698
92 1699
92 1700
92 1701
92 1702
92 1703
92 1704
92 1705
92 1706
92 1707
92 1708
92 1709
92 1710
92 1711
92 1712
92 1713
92 1714
92 1715
92 1716
92 1717
92 1718
92 1719
92 1720
92 1721
92 1722
92 1723
92 1724
92 1725
92 1726
92 1727
92 1728
92 1729
92 1730
92 1731
92 1732
92 1733
92 1734
92 1735
92 1736
92 1737
92 1738
92 1739
92 1740
92 1741
92 1742
92 1743
92 1744
92 1745
92 1746
92 1747
92 1748
92 1749
92 1750
92 1751
92 1752
92 1753
92 1754
92 1755
92 1756
92 1757
92 1758
92 1759
92 1760
92 1761
92 1762
92 1763
92 1764
92 1765
92 1766
92 1767
92 1768
92 1769
92 1770
92 1771
92 1772
92 1773
92 1774
92 1775
92 1776
92 1777
92 1778
92 1779
92 1780
92 1781
92 1782
92 1783
92 1784
92 1785
92 1786
92 1787
92 1788
92 1789
92 1790
92 1791
92 1792
92 1793
92 1794
92 1795
92 1796
92 1797
92 1798
92 1799
92 1800
92 1801
92 1802
92 1803
92 1804
92 1805
92 1806
92 1807
92 1808
92 1809
92 1810
92 1811
92 1812
92 1813
92 1814
92 1815
92 1816
92 1817
92 1818
92 1819
92 1820
92 1821
92 1822
92 1823
92 1824
92 1825
92 1826
92 1827
92 1828
92 1829
92 1830
92 1831
92 1832
92 1833
92 1834
92 1835
92 1836
92 1837
92 1838
92 1839
92 1840
92 1841
92 1842
92 1843
92 1844
92 1845
92 1846
92 1847
92 1848
92 1849
92 1850
92 1851
92 1852
92 1853
92 1854
92 1855
92 1856
92 1857
92 1858
92 1859
92 1860
92 1861
92 1862
92 1863
92 1864
92 1865
92 1866
92 1867
92 1868
92 1869
92 1870
92 1871
92 1872
92 1873
92 1874
92 1875
92 1876
92 1877
92 1878
92 1879
92 1880
92 1881
92 1882
92 1883
92 1884
92 1885
92 1886
92 1887
92 1888
92 1889
92 1890
92 1891
92 1892
92 1893
92 1894
92 1895
92 1896
92 1897
92 1898
92 1899
92 1900
92 1901
92 1902
92 1903
92 1904
92 1905
92 1906
92 1907
92 1908
92 1909
92 1910
92 1911
92 1912
92 1913
92 1914
92 1915
92 1916
92 1917
92 1918
92 1919
92 1920
92 1921
92 1922
92 1923
92 1924
92 1925
92 1926
92 1927
92 1928
92 1929
92 1930
92 1931
92 1932
92 1933
92 1934
92 1935
92 1936
92 1937
92 1938
92 1939
92 1940
92 1941
92 1942
92 1943
92 1944
92 1945
92 1946
92 1947
92 1948
92 1949
92 1950
92 1951
92 1952
92 1953
92 1954
92 1955
92 1956
92 1957
92 1958
92 1959
92 1960
92 1961
92 1962
92 1963
92 1964
92 1965
92 1966
92 1967
92 1968
92 1969
92 1970
92 1971
92 1972
92 1973
92 1974
92 1975
92 1976
92 1977
92 1978
92 1979
92 1980
92 1981
92 1982
92 1983
92 1984
92 1985
92 1986
92 1987
92 1988
92 1989
92 1990
92 1991
92 1992
92 1993
92 1994
92 1995
92 1996
92 1997
92 1998
92 1999
92 2000
92 1610
70 1
67 2
70 3
68 4
71 5
68 6
71 7
69 8
72 9
73 10
70 11
73 12
73 13
71 14
73 15
71 16
71 17
74 18
71 19
74 20
74 21
72 22
74 23
72 24
72 25
72 26
74 27
72 28
74 29
75 30
72 31
75 32
72 33
75 34
75 35
72 36
75 37
72 38
75 39
72 40
75 41
72 42
75 43
72 44
75 45
72 46
75 47
72 48
75 49
72 50
75 51
73 52
75 53
73 54
75 55
73 56
75 57
73 58
75 59
73 60
75 61
73 62
75 63
73 64
75 65
73 66
76 67
73 68
76 69
73 70
76 71
73 72
76 73
73 74
76 75
73 76
76 77
73 78
76 79
73 80
76 81
73 82
76 83
73 84
76 85
73 86
76 87
73 88
76 89
73 90
76 91
73 92
76 93
73 94
76 95
73 96
76 97
73 98
76 99
73 100
76 101
73 102
76 103
73 104
76 105
73 106
76 107
74 108
76 109
74 110
76 111
74 112
76 113
74 114
76 115
74 116
76 117
74 118
76 119
74 120
76 121
74 122
76 123
74 124
76 125
74 126
76 127
74 128
76 129
74 130
76 131
74 132
77 133
74 134
77 135
74 136
77 137
74 138
77 139
74 140
77 141
74 142
77 143
74 144
77 145
74 146
77 147
74 148
77 149
74 150
77 151
74 152
77 153
74 154
77 155
74 156
77 157
74 158
77 159
74 160
77 161
74 162
77 163
74 164
77 165
74 166
77 167
74 168
77 169
74 170
77 171
74 172
77 173
74 174
77 175
74 176
77 177
74 178
77 179
74 180
77 181
74 182
77 183
74 184
77 185
74 186
77 187
74 188
77 189
74 190
77 191
74 192
77 193
74 194
77 195
74 196
77 197
74 198
77 199
75 200
77 201
75 202
77 203
75 204
77 205
75 206
77 207
75 208
77 209
75 210
77 211
75 212
77 213
75 214
77 215
75 216
77 217
75 218
77 219
75 220
77 221
75 222
77 223
75 224
77 225
75 226
77 227
75 228
77 229
75 230
77 231
75 232
77 233
75 234
77 235
75 236
77 237
75 238
77 239
75 240
78 241
75 242
78 243
75 244
78 245
75 246
78 247
75 248
78 249
75 250
78 251
75 252
78 253
75 254
78 255
75 256
78 257
75 258
78 259
75 260
78 261
75 262
78 263
75 264
78 265
75 266
78 267
75 268
78 269
75 270
78 271
75 272
78 273
75 274
78 275
75 276
78 277
75 278
78 279
75 280
78 281
75 282
78 283
75 284
78 285
75 286
78 287
75 288
78 289
75 290
78 291
75 292
78 293
75 294
78 295
75 296
78 297
75 298
78 299
75 300
78 301
75 302
78 303
75 304
78 305
75 306
78 307
75 308
78 309
75 310
78 311
75 312
78 313
75 314
78 315
75 316
78 317
75 318
78 319
75 320
78 321
75 322
78 323
75 324
78 325
75 326
78 327
75 328
78 329
75 330
78 331
75 332
78 333
75 334
78 335
75 336
78 337
75 338
78 339
75 340
78 341
75 342
78 343
75 344
78 345
75 346
78 347
75 348
78 349
75 350
78 351
76 352
78 353
76 354
78 355
76 356
78 357
76 358
78 359
76 360
78 361
76 362
78 363
76 364
78 365
76 366
78 367
76 368
78 369
76 370
78 371
76 372
78 373
76 374
78 375
76 376
78 377
76 378
78 379
76 380
78 381
76 382
78 383
76 384
78 385
76 386
78 387
76 388
78 389
76 390
78 391
76 392
78 393
76 394
78 395
76 396
78 397
76 398
78 399
76 400
78 401
76 402
78 403
76 404
78 405
76 406
78 407
76 408
78 409
76 410
78 411
76 412
78 413
76 414
78 415
76 416
78 417
76 418
78 419
76 420
79 421
76 422
79 423
76 424
79 425
76 426
79 427
76 428
79 429
76 430
79 431
76 432
79 433
76 434
79 435
76 436
79 437
76 438
79 439
76 440
79 441
76 442
79 443
76 444
79 445
76 446
79 447
76 448
79 449
76 450
79 451
76 452
79 453
76 454
79 455
76 456
79 457
76 458
79 459
76 460
79 461
76 462
79 463
76 464
79 465
76 466
79 467
76 468
79 469
76 470
79 471
76 472
79 473
76 474
79 475
76 476
79 477
76 478
79 479
76 480
79 481
76 482
79 483
76 484
79 485
76 486
79 487
76 488
79 489
76 490
79 491
76 492
79 493
76 494
79 495
76 496
79 497
76 498
79 499
76 500
79 501
76 502
79 503
76 504
79 505
76 506
79 507
76 508
79 509
76 510
79 511
76 512
79 513
76 514
79 515
76 516
79 517
76 518
79 519
76 520
79 521
76 522
79 523
76 524
79 525
76 526
79 527
76 528
79 529
76 530
79 531
76 532
79 533
76 534
79 535
76 536
79 537
76 538
79 539
76 540
79 541
76 542
79 543
76 544
79 545
76 546
79 547
76 548
79 549
76 550
79 551
76 552
79 553
76 554
79 555
76 556
79 557
76 558
79 559
76 560
79 561
76 562
79 563
76 564
79 565
76 566
79 567
76 568
79 569
76 570
79 571
76 572
79 573
76 574
79 575
76 576
79 577
76 578
79 579
76 580
79 581
76 582
79 583
76 584
79 585
76 586
79 587
76 588
79 589
76 590
79 591
76 592
79 593
76 594
79 595
76 596
79 597
76 598
79 599
76 600
79 601
76 602
79 603
76 604
79 605
76 606
79 607
77 608
79 609
77 610
79 611
77 612
79 613
77 614
79 615
77 616
79 617
77 618
79 619
77 620
79 621
77 622
79 623
77 624
79 625
77 626
79 627
77 628
79 629
77 630
79 631
77 632
79 633
77 634
79 635
77 636
79 637
77 638
79 639
77 640
79 641
77 642
79 643
77 644
79 645
77 646
79 647
77 648
79 649
77 650
79 651
77 652
79 653
77 654
79 655
77 656
79 657
77 658
79 659
77 660
79 661
77 662
79 663
77 664
79 665
77 666
79 667
77 668
79 669
77 670
79 671
77 672
79 673
77 674
79 675
77 676
79 677
77 678
79 679
77 680
79 681
77 682
79 683
77 684
79 685
77 686
79 687
77 688
79 689
77 690
79 691
77 692
79 693
77 694
79 695
77 696
79 697
77 698
79 699
77 700
79 701
77 702
79 703
77 704
79 705
77 706
79 707
77 708
79 709
77 710
79 711
77 712
79 713
77 714
79 715
77 716
79 717
77 718
79 719
77 720
79 721
77 722
80 723
77 724
80 725
77 726
80 727
77 728
80 729
77 730
80 731
77 732
80 733
77 734
80 735
77 736
80 737
77 738
80 739
77 740
80 741
77 742
80 743
77 744
80 745
77 746
80 747
77 748
80 749
77 750
80 751
77 752
80 753
77 754
80 755
77 756
80 757
77 758
80 759
77 760
80 761
77 762
80 763
77 764
80 765
77 766
80 767
77 768
80 769
77 770
80 771
77 772
80 773
77 774
80 775
77 776
80 777
77 778
80 779
77 780
80 781
77 782
80 783
77 784
80 785
77 786
80 787
77 788
80 789
77 790
80 791
77 792
80 793
77 794
80 795
77 796
80 797
77 798
80 799
77 800
80 801
77 802
80 803
77 804
80 805
77 806
80 807
77 808
80 809
77 810
80 811
77 812
80 813
77 814
80 815
77 816
80 817
77 818
80 819
77 820
80 821
77 822
80 823
77 824
80 825
77 826
80 827
77 828
80 829
77 830
80 831
77 832
80 833
77 834
80 835
77 836
80 837
77 838
80 839
77 840
80 841
77 842
80 843
77 844
80 845
77 846
80 847
77 848
80 849
77 850
80 851
77 852
80 853
77 854
80 855
77 856
80 857
77 858
80 859
77 860
80 861
77 862
80 863
77 864
80 865
77 866
80 867
77 868
80 869
77 870
80 871
77 872
80 873
77 874
80 875
77 876
80 877
77 878
80 879
77 880
80 881
77 882
80 883
77 884
80 885
77 886
80 887
77 888
80 889
77 890
80 891
77 892
80 893
77 894
80 895
77 896
80 897
77 898
80 899
77 900
80 901
77 902
80 903
77 904
80 905
77 906
80 907
77 908
80 909
77 910
80 911
77 912
80 913
77 914
80 915
77 916
80 917
77 918
80 919
77 920
80 921
77 922
80 923
77 924
80 925
77 926
80 927
77 928
80 929
77 930
80 931
77 932
80 933
77 934
80 935
77 936
80 937
77 938
80 939
77 940
80 941
77 942
80 943
77 944
80 945
77 946
80 947
77 948
80 949
77 950
80 951
77 952
80 953
77 954
80 955
77 956
80 957
77 958
80 959
77 960
80 961
77 962
80 963
77 964
80 965
77 966
80 967
77 968
80 969
77 970
80 971
77 972
80 973
77 974
80 975
77 976
80 977
77 978
80 979
77 980
80 981
77 982
80 983
77 984
80 985
77 986
80 987
77 988
80 989
77 990
80 991
77 992
80 993
77 994
80 995
77 996
80 997
77 998
80 999
77 1000
80 1001
77 1002
80 1003
77 1004
80 1005
77 1006
80 1007
77 1008
80 1009
77 1010
80 1011
77 1012
80 1013
77 1014
80 1015
77 1016
80 1017
77 1018
80 1019
77 1020
80 1021
77 1022
80 1023
77 1024
80 1025
77 1026
80 1027
77 1028
80 1029
77 1030
80 1031
78 1032
80 1033
78 1034
80 1035
78 1036
80 1037
78 1038
80 1039
78 1040
80 1041
78 1042
80 1043
78 1044
80 1045
78 1046
80 1047
78 1048
80 1049
78 1050
80 1051
78 1052
80 1053
78 1054
80 1055
78 1056
80 1057
78 1058
80 1059
78 1060
80 1061
78 1062
80 1063
78 1064
80 1065
78 1066
80 1067
78 1068
80 1069
78 1070
80 1071
78 1072
80 1073
78 1074
80 1075
78 1076
80 1077
78 1078
80 1079
78 1080
80 1081
78 1082
80 1083
78 1084
80 1085
78 1086
80 1087
78 1088
80 1089
78 1090
80 1091
78 1092
80 1093
78 1094
80 1095
78 1096
80 1097
78 1098
80 1099
78 1100
80 1101
78 1102
80 1103
78 1104
80 1105
78 1106
80 1107
78 1108
80 1109
78 1110
80 1111
78 1112
80 1113
78 1114
80 1115
78 1116
80 1117
78 1118
80 1119
78 1120
80 1121
78 1122
80 1123
78 1124
80 1125
78 1126
80 1127
78 1128
80 1129
78 1130
80 1131
78 1132
80 1133
78 1134
80 1135
78 1136
80 1137
78 1138
80 1139
78 1140
80 1141
78 1142
80 1143
78 1144
80 1145
78 1146
80 1147
78 1148
80 1149
78 1150
80 1151
78 1152
80 1153
78 1154
80 1155
78 1156
80 1157
78 1158
80 1159
78 1160
80 1161
78 1162
80 1163
78 1164
80 1165
78 1166
80 1167
78 1168
80 1169
78 1170
80 1171
78 1172
80 1173
78 1174
80 1175
78 1176
80 1177
78 1178
80 1179
78 1180
80 1181
78 1182
80 1183
78 1184
80 1185
78 1186
80 1187
78 1188
80 1189
78 1190
80 1191
78 1192
80 1193
78 1194
80 1195
78 1196
80 1197
78 1198
80 1199
78 1200
80 1201
78 1202
80 1203
78 1204
80 1205
78 1206
80 1207
78 1208
80 1209
78 1210
80 1211
78 1212
80 1213
78 1214
80 1215
78 1216
80 1217
78 1218
80 1219
78 1220
80 1221
78 1222
80 1223
78 1224
81 1225
78 1226
81 1227
78 1228
81 1229
78 1230
81 1231
78 1232
81 1233
78 1234
81 1235
78 1236
81 1237
78 1238
81 1239
78 1240
81 1241
78 1242
81 1243
78 1244
81 1245
78 1246
81 1247
78 1248
81 1249
78 1250
81 1251
78 1252
81 1253
78 1254
81 1255
78 1256
81 1257
78 1258
81 1259
78 1260
81 1261
78 1262
81 1263
78 1264
81 1265
78 1266
81 1267
78 1268
81 1269
78 1270
81 1271
78 1272
81 1273
78 1274
81 1275
78 1276
81 1277
78 1278
81 1279
78 1280
81 1281
78 1282
81 1283
78 1284
81 1285
78 1286
81 1287
78 1288
81 1289
78 1290
81 1291
78 1292
81 1293
78 1294
81 1295
78 1296
81 1297
78 1298
81 1299
78 1300
81 1301
78 1302
81 1303
78 1304
81 1305
78 1306
81 1307
78 1308
81 1309
78 1310
81 1311
78 1312
81 1313
78 1314
81 1315
78 1316
81 1317
78 1318
81 1319
78 1320
81 1321
78 1322
81 1323
78 1324
81 1325
78 1326
81 1327
78 1328
81 1329
78 1330
81 1331
78 1332
81 1333
78 1334
81 1335
78 1336
81 1337
78 1338
81 1339
78 1340
81 1341
78 1342
81 1343
78 1344
81 1345
78 1346
81 1347
78 1348
81 1349
78 1350
81 1351
78 1352
81 1353
78 1354
81 1355
78 1356
81 1357
78 1358
81 1359
78 1360
81 1361
78 1362
81 1363
78 1364
81 1365
78 1366
81 1367
78 1368
81 1369
78 1370
81 1371
78 1372
81 1373
78 1374
81 1375
78 1376
81 1377
78 1378
81 1379
78 1380
81 1381
78 1382
81 1383
78 1384
81 1385
78 1386
81 1387
78 1388
81 1389
78 1390
81 1391
78 1392
81 1393
78 1394
81 1395
78 1396
81 1397
78 1398
81 1399
78 1400
81 1401
78 1402
81 1403
78 1404
81 1405
78 1406
81 1407
78 1408
81 1409
78 1410
81 1411
78 1412
81 1413
78 1414
81 1415
78 1416
81 1417
78 1418
81 1419
78 1420
81 1421
78 1422
81 1423
78 1424
81 1425
78 1426
81 1427
78 1428
81 1429
78 1430
81 1431
78 1432
81 1433
78 1434
81 1435
78 1436
81 1437
78 1438
81 1439
78 1440
81 1441
78 1442
81 1443
78 1444
81 1445
78 1446
81 1447
78 1448
81 1449
78 1450
81 1451
78 1452
81 1453
78 1454
81 1455
78 1456
81 1457
78 1458
81 1459
78 1460
81 1461
78 1462
81 1463
78 1464
81 1465
78 1466
81 1467
78 1468
81 1469
78 1470
81 1471
78 1472
81 1473
78 1474
81 1475
78 1476
81 1477
78 1478
81 1479
78 1480
81 1481
78 1482
81 1483
78 1484
81 1485
78 1486
81 1487
78 1488
81 1489
78 1490
81 1491
78 1492
81 1493
78 1494
81 1495
78 1496
81 1497
78 1498
81 1499
78 1500
81 1501
78 1502
81 1503
78 1504
81 1505
78 1506
81 1507
78 1508
81 1509
78 1510
81 1511
78 1512
81 1513
78 1514
81 1515
78 1516
81 1517
78 1518
81 1519
78 1520
81 1521
78 1522
81 1523
78 1524
81 1525
78 1526
81 1527
78 1528
81 1529
78 1530
81 1531
78 1532
81 1533
78 1534
81 1535
78 1536
81 1537
78 1538
81 1539
78 1540
81 1541
78 1542
81 1543
78 1544
81 1545
78 1546
81 1547
78 1548
81 1549
78 1550
81 1551
78 1552
81 1553
78 1554
81 1555
78 1556
81 1557
78 1558
81 1559
78 1560
81 1561
78 1562
81 1563
78 1564
81 1565
78 1566
81 1567
78 1568
81 1569
78 1570
81 1571
78 1572
81 1573
78 1574
81 1575
78 1576
81 1577
78 1578
81 1579
78 1580
81 1581
78 1582
81 1583
78 1584
81 1585
78 1586
81 1587
78 1588
81 1589
78 1590
81 1591
78 1592
81 1593
78 1594
81 1595
78 1596
81 1597
78 1598
81 1599
78 1600
81 1601
78 1602
81 1603
78 1604
81 1605
78 1606
81 1607
78 1608
81 1609
78 1610
81 1611
78 1612
81 1613
78 1614
81 1615
78 1616
81 1617
78 1618
81 1619
78 1620
81 1621
78 1622
81 1623
78 1624
81 1625
78 1626
81 1627
78 1628
81 1629
78 1630
81 1631
78 1632
81 1633
78 1634
81 1635
78 1636
81 1637
78 1638
81 1639
78 1640
81 1641
78 1642
81 1643
78 1644
81 1645
78 1646
81 1647
78 1648
81 1649
78 1650
81 1651
78 1652
81 1653
78 1654
81 1655
78 1656
81 1657
78 1658
81 1659
78 1660
81 1661
78 1662
81 1663
78 1664
81 1665
78 1666
81 1667
78 1668
81 1669
78 1670
81 1671
78 1672
81 1673
78 1674
81 1675
78 1676
81 1677
78 1678
81 1679
78 1680
81 1681
78 1682
81 1683
78 1684
81 1685
78 1686
81 1687
78 1688
81 1689
78 1690
81 1691
78 1692
81 1693
78 1694
81 1695
78 1696
81 1697
78 1698
81 1699
78 1700
81 1701
78 1702
81 1703
78 1704
81 1705
78 1706
81 1707
78 1708
81 1709
78 1710
81 1711
78 1712
81 1713
78 1714
81 1715
78 1716
81 1717
78 1718
81 1719
78 1720
81 1721
78 1722
81 1723
78 1724
81 1725
78 1726
81 1727
78 1728
81 1729
78 1730
81 1731
78 1732
81 1733
78 1734
81 1735
78 1736
81 1737
78 1738
81 1739
79 1740
81 1741
79 1742
81 1743
79 1744
81 1745
79 1746
81 1747
79 1748
81 1749
79 1750
81 1751
79 1752
81 1753
79 1754
81 1755
79 1756
81 1757
79 1758
81 1759
79 1760
81 1761
79 1762
81 1763
79 1764
81 1765
79 1766
81 1767
79 1768
81 1769
79 1770
81 1771
79 1772
81 1773
79 1774
81 1775
79 1776
81 1777
79 1778
81 1779
79 1780
81 1781
79 1782
81 1783
79 1784
81 1785
79 1786
81 1787
79 1788
81 1789
79 1790
81 1791
79 1792
81 1793
79 1794
81 1795
79 1796
81 1797
79 1798
81 1799
79 1800
81 1801
79 1802
81 1803
79 1804
81 1805
79 1806
81 1807
79 1808
81 1809
79 1810
81 1811
79 1812
81 1813
79 1814
81 1815
79 1816
81 1817
79 1818
81 1819
79 1820
81 1821
79 1822
81 1823
79 1824
81 1825
79 1826
81 1827
79 1828
81 1829
79 1830
81 1831
79 1832
81 1833
79 1834
81 1835
79 1836
81 1837
79 1838
81 1839
79 1840
81 1841
79 1842
81 1843
79 1844
81 1845
79 1846
81 1847
79 1848
81 1849
79 1850
81 1851
79 1852
81 1853
79 1854
81 1855
79 1856
81 1857
79 1858
81 1859
79 1860
81 1861
79 1862
81 1863
79 1864
81 1865
79 1866
81 1867
79 1868
81 1869
79 1870
81 1871
79 1872
81 1873
79 1874
81 1875
79 1876
81 1877
79 1878
81 1879
79 1880
81 1881
79 1882
81 1883
79 1884
81 1885
79 1886
81 1887
79 1888
81 1889
79 1890
81 1891
79 1892
81 1893
79 1894
81 1895
79 1896
81 1897
79 1898
81 1899
79 1900
81 1901
79 1902
81 1903
79 1904
81 1905
79 1906
81 1907
79 1908
81 1909
79 1910
81 1911
79 1912
81 1913
79 1914
81 1915
79 1916
81 1917
79 1918
81 1919
79 1920
81 1921
79 1922
81 1923
79 1924
81 1925
79 1926
81 1927
79 1928
81 1929
79 1930
81 1931
79 1932
81 1933
79 1934
81 1935
79 1936
81 1937
79 1938
81 1939
79 1940
81 1941
79 1942
81 1943
79 1944
81 1945
79 1946
81 1947
79 1948
81 1949
79 1950
81 1951
79 1952
81 1953
79 1954
81 1955
79 1956
81 1957
79 1958
81 1959
79 1960
81 1961
79 1962
81 1963
79 1964
81 1965
79 1966
81 1967
79 1968
81 1969
79 1970
81 1971
79 1972
81 1973
79 1974
81 1975
79 1976
81 1977
79 1978
81 1979
79 1980
81 1981
79 1982
81 1983
79 1984
81 1985
79 1986
81 1987
79 1988
81 1989
79 1990
81 1991
79 1992
81 1993
79 1994
81 1995
79 1996
81 1997
79 1998
81 1999
79 2000
81 1225
70 1
67 2
66 3
71 4
67 5
68 6
73 7
69 8
67 9
73 10
70 11
68 12
69 13
68 14
73 15
69 16
68 17
73 18
69 19
68 20
74 21
70 22
69 23
68 24
74 25
70 26
69 27
68 28
74 29
70 30
69 31
68 32
74 33
70 34
69 35
68 36
74 37
70 38
69 39
68 40
74 41
71 42
69 43
68 44
74 45
71 46
69 47
68 48
74 49
71 50
69 51
68 52
74 53
71 54
69 55
68 56
74 57
71 58
69 59
68 60
74 61
71 62
70 63
68 64
74 65
71 66
70 67
69 68
74 69
71 70
70 71
69 72
74 73
71 74
70 75
69 76
75 77
71 78
70 79
69 80
75 81
71 82
70 83
69 84
75 85
71 86
70 87
69 88
75 89
71 90
70 91
69 92
75 93
71 94
70 95
69 96
75 97
71 98
70 99
69 100
75 101
71 102
70 103
69 104
75 105
71 106
70 107
69 108
75 109
71 110
70 111
69 112
75 113
71 114
70 115
69 116
75 117
71 118
70 119
69 120
75 121
71 122
70 123
69 124
75 125
71 126
70 127
69 128
75 129
71 130
70 131
69 132
75 133
71 134
70 135
69 136
75 137
71 138
70 139
69 140
75 141
71 142
70 143
69 144
75 145
72 146
70 147
69 148
75 149
72 150
70 151
69 152
75 153
72 154
70 155
69 156
75 157
72 158
70 159
69 160
75 161
72 162
70 163
69 164
75 165
72 166
70 167
69 168
75 169
72 170
70 171
69 172
75 173
72 174
70 175
69 176
75 177
72 178
70 179
69 180
75 181
72 182
70 183
69 184
75 185
72 186
70 187
69 188
75 189
72 190
70 191
69 192
75 193
72 194
71 195
69 196
75 197
72 198
71 199
69 200
75 201
72 202
71 203
70 204
75 205
72 206
71 207
70 208
75 209
72 210
71 211
70 212
75 213
72 214
71 215
70 216
75 217
72 218
71 219
70 220
75 221
72 222
71 223
70 224
75 225
72 226
71 227
70 228
75 229
72 230
71 231
70 232
76 233
72 234
71 235
70 236
76 237
72 238
71 239
70 240
76 241
72 242
71 243
70 244
76 245
72 246
71 247
70 248
76 249
72 250
71 251
70 252
76 253
72 254
71 255
70 256
76 257
72 258
71 259
70 260
76 261
72 262
71 263
70 264
76 265
72 266
71 267
70 268
76 269
72 270
71 271
70 272
76 273
72 274
71 275
70 276
76 277
72 278
71 279
70 280
76 281
72 282
71 283
70 284
76 285
72 286
71 287
70 288
76 289
72 290
71 291
70 292
76 293
72 294
71 295
70 296
76 297
72 298
71 299
70 300
76 301
72 302
71 303
70 304
76 305
72 306
71 307
70 308
76 309
72 310
71 311
70 312
76 313
72 314
71 315
70 316
76 317
72 318
71 319
70 320
76 321
72 322
71 323
70 324
76 325
72 326
71 327
70 328
76 329
72 330
71 331
70 332
76 333
72 334
71 335
70 336
76 337
72 338
71 339
70 340
76 341
72 342
71 343
70 344
76 345
72 346
71 347
70 348
76 349
72 350
71 351
70 352
76 353
72 354
71 355
70 356
76 357
72 358
71 359
70 360
76 361
72 362
71 363
70 364
76 365
72 366
71 367
70 368
76 369
72 370
71 371
70 372
76 373
72 374
71 375
70 376
76 377
72 378
71 379
70 380
76 381
72 382
71 383
70 384
76 385
73 386
71 387
70 388
76 389
73 390
71 391
70 392
76 393
73 394
71 395
70 396
76 397
73 398
71 399
70 400
76 401
73 402
71 403
70 404
76 405
73 406
71 407
70 408
76 409
73 410
71 411
70 412
76 413
73 414
71 415
70 416
76 417
73 418
71 419
70 420
76 421
73 422
71 423
70 424
76 425
73 426
71 427
70 428
76 429
73 430
71 431
70 432
76 433
73 434
71 435
70 436
76 437
73 438
71 439
70 440
76 441
73 442
71 443
70 444
76 445
73 446
71 447
70 448
76 449
73 450
71 451
70 452
76 453
73 454
71 455
70 456
76 457
73 458
71 459
70 460
76 461
73 462
71 463
70 464
76 465
73 466
71 467
70 468
76 469
73 470
71 471
70 472
76 473
73 474
71 475
70 476
76 477
73 478
71 479
70 480
76 481
73 482
71 483
70 484
76 485
73 486
71 487
70 488
76 489
73 490
71 491
70 492
76 493
73 494
71 495
70 496
76 497
73 498
71 499
70 500
76 501
73 502
72 503
70 504
76 505
73 506
72 507
70 508
76 509
73 510
72 511
70 512
76 513
73 514
72 515
70 516
76 517
73 518
72 519
70 520
76 521
73 522
72 523
70 524
76 525
73 526
72 527
70 528
76 529
73 530
72 531
71 532
76 533
73 534
72 535
71 536
76 537
73 538
72 539
71 540
76 541
73 542
72 543
71 544
76 545
73 546
72 547
71 548
76 549
73 550
72 551
71 552
76 553
73 554
72 555
71 556
76 557
73 558
72 559
71 560
76 561
73 562
72 563
71 564
76 565
73 566
72 567
71 568
76 569
73 570
72 571
71 572
76 573
73 574
72 575
71 576
76 577
73 578
72 579
71 580
76 581
73 582
72 583
71 584
76 585
73 586
72 587
71 588
76 589
73 590
72 591
71 592
76 593
73 594
72 595
71 596
77 597
73 598
72 599
71 600
77 601
73 602
72 603
71 604
77 605
73 606
72 607
71 608
77 609
73 610
72 611
71 612
77 613
73 614
72 615
71 616
77 617
73 618
72 619
71 620
77 621
73 622
72 623
71 624
77 625
73 626
72 627
71 628
77 629
73 630
72 631
71 632
77 633
73 634
72 635
71 636
77 637
73 638
72 639
71 640
77 641
73 642
72 643
71 644
77 645
73 646
72 647
71 648
77 649
73 650
72 651
71 652
77 653
73 654
72 655
71 656
77 657
73 658
72 659
71 660
77 661
73 662
72 663
71 664
77 665
73 666
72 667
71 668
77 669
73 670
72 671
71 672
77 673
73 674
72 675
71 676
77 677
73 678
72 679
71 680
77 681
73 682
72 683
71 684
77 685
73 686
72 687
71 688
77 689
73 690
72 691
71 692
77 693
73 694
72 695
71 696
77 697
73 698
72 699
71 700
77 701
73 702
72 703
71 704
77 705
73 706
72 707
71 708
77 709
73 710
72 711
71 712
77 713
73 714
72 715
71 716
77 717
73 718
72 719
71 720
77 721
73 722
72 723
71 724
77 725
73 726
72 727
71 728
77 729
73 730
72 731
71 732
77 733
73 734
72 735
71 736
77 737
73 738
72 739
71 740
77 741
73 742
72 743
71 744
77 745
73 746
72 747
71 748
77 749
73 750
72 751
71 752
77 753
73 754
72 755
71 756
77 757
73 758
72 759
71 760
77 761
73 762
72 763
71 764
77 765
73 766
72 767
71 768
77 769
73 770
72 771
71 772
77 773
73 774
72 775
71 776
77 777
73 778
72 779
71 780
77 781
73 782
72 783
71 784
77 785
73 786
72 787
71 788
77 789
73 790
72 791
71 792
77 793
73 794
72 795
71 796
77 797
73 798
72 799
71 800
77 801
73 802
72 803
71 804
77 805
73 806
72 807
71 808
77 809
73 810
72 811
71 812
77 813
73 814
72 815
71 816
77 817
73 818
72 819
71 820
77 821
73 822
72 823
71 824
77 825
73 826
72 827
71 828
77 829
73 830
72 831
71 832
77 833
73 834
72 835
71 836
77 837
73 838
72 839
71 840
77 841
73 842
72 843
71 844
77 845
73 846
72 847
71 848
77 849
73 850
72 851
71 852
77 853
73 854
72 855
71 856
77 857
73 858
72 859
71 860
77 861
73 862
72 863
71 864
77 865
73 866
72 867
71 868
77 869
73 870
72 871
71 872
77 873
73 874
72 875
71 876
77 877
73 878
72 879
71 880
77 881
73 882
72 883
71 884
77 885
73 886
72 887
71 888
77 889
73 890
72 891
71 892
77 893
73 894
72 895
71 896
77 897
73 898
72 899
71 900
77 901
73 902
72 903
71 904
77 905
73 906
72 907
71 908
77 909
73 910
72 911
71 912
77 913
73 914
72 915
71 916
77 917
73 918
72 919
71 920
77 921
73 922
72 923
71 924
77 925
73 926
72 927
71 928
77 929
73 930
72 931
71 932
77 933
73 934
72 935
71 936
77 937
73 938
72 939
71 940
77 941
73 942
72 943
71 944
77 945
73 946
72 947
71 948
77 949
73 950
72 951
71 952
77 953
74 954
72 955
71 956
77 957
74 958
72 959
71 960
77 961
74 962
72 963
71 964
77 965
74 966
72 967
71 968
77 969
74 970
72 971
71 972
77 973
74 974
72 975
71 976
77 977
74 978
72 979
71 980
77 981
74 982
72 983
71 984
77 985
74 986
72 987
71 988
77 989
74 990
72 991
71 992
77 993
74 994
72 995
71 996
77 997
74 998
72 999
71 1000
77 1001
74 1002
72 1003
71 1004
77 1005
74 1006
72 1007
71 1008
77 1009
74 1010
72 1011
71 1012
77 1013
74 1014
72 1015
71 1016
77 1017
74 1018
72 1019
71 1020
77 1021
74 1022
72 1023
71 1024
77 1025
74 1026
72 1027
71 1028
77 1029
74 1030
72 1031
71 1032
77 1033
74 1034
72 1035
71 1036
77 1037
74 1038
72 1039
71 1040
77 1041
74 1042
72 1043
71 1044
77 1045
74 1046
72 1047
71 1048
77 1049
74 1050
72 1051
71 1052
77 1053
74 1054
72 1055
71 1056
77 1057
74 1058
72 1059
71 1060
77 1061
74 1062
72 1063
71 1064
77 1065
74 1066
72 1067
71 1068
77 1069
74 1070
72 1071
71 1072
77 1073
74 1074
72 1075
71 1076
77 1077
74 1078
72 1079
71 1080
77 1081
74 1082
72 1083
71 1084
77 1085
74 1086
72 1087
71 1088
77 1089
74 1090
72 1091
71 1092
77 1093
74 1094
72 1095
71 1096
77 1097
74 1098
72 1099
71 1100
77 1101
74 1102
72 1103
71 1104
77 1105
74 1106
72 1107
71 1108
77 1109
74 1110
72 1111
71 1112
77 1113
74 1114
72 1115
71 1116
77 1117
74 1118
72 1119
71 1120
77 1121
74 1122
72 1123
71 1124
77 1125
74 1126
72 1127
71 1128
77 1129
74 1130
72 1131
71 1132
77 1133
74 1134
72 1135
71 1136
77 1137
74 1138
72 1139
71 1140
77 1141
74 1142
72 1143
71 1144
77 1145
74 1146
72 1147
71 1148
77 1149
74 1150
72 1151
71 1152
77 1153
74 1154
72 1155
71 1156
77 1157
74 1158
72 1159
71 1160
77 1161
74 1162
72 1163
71 1164
77 1165
74 1166
72 1167
71 1168
77 1169
74 1170
72 1171
71 1172
77 1173
74 1174
72 1175
71 1176
77 1177
74 1178
72 1179
71 1180
77 1181
74 1182
72 1183
71 1184
77 1185
74 1186
72 1187
71 1188
77 1189
74 1190
72 1191
71 1192
77 1193
74 1194
72 1195
71 1196
77 1197
74 1198
72 1199
71 1200
77 1201
74 1202
72 1203
71 1204
77 1205
74 1206
72 1207
71 1208
77 1209
74 1210
72 1211
71 1212
77 1213
74 1214
72 1215
71 1216
77 1217
74 1218
72 1219
71 1220
77 1221
74 1222
73 1223
71 1224
77 1225
74 1226
73 1227
71 1228
77 1229
74 1230
73 1231
71 1232
77 1233
74 1234
73 1235
71 1236
77 1237
74 1238
73 1239
71 1240
77 1241
74 1242
73 1243
71 1244
77 1245
74 1246
73 1247
71 1248
77 1249
74 1250
73 1251
71 1252
77 1253
74 1254
73 1255
71 1256
77 1257
74 1258
73 1259
71 1260
77 1261
74 1262
73 1263
71 1264
77 1265
74 1266
73 1267
71 1268
77 1269
74 1270
73 1271
71 1272
77 1273
74 1274
73 1275
71 1276
77 1277
74 1278
73 1279
71 1280
77 1281
74 1282
73 1283
71 1284
77 1285
74 1286
73 1287
72 1288
77 1289
74 1290
73 1291
72 1292
77 1293
74 1294
73 1295
72 1296
77 1297
74 1298
73 1299
72 1300
77 1301
74 1302
73 1303
72 1304
77 1305
74 1306
73 1307
72 1308
77 1309
74 1310
73 1311
72 1312
77 1313
74 1314
73 1315
72 1316
77 1317
74 1318
73 1319
72 1320
77 1321
74 1322
73 1323
72 1324
77 1325
74 1326
73 1327
72 1328
77 1329
74 1330
73 1331
72 1332
77 1333
74 1334
73 1335
72 1336
77 1337
74 1338
73 1339
72 1340
77 1341
74 1342
73 1343
72 1344
77 1345
74 1346
73 1347
72 1348
77 1349
74 1350
73 1351
72 1352
77 1353
74 1354
73 1355
72 1356
77 1357
74 1358
73 1359
72 1360
77 1361
74 1362
73 1363
72 1364
77 1365
74 1366
73 1367
72 1368
77 1369
74 1370
73 1371
72 1372
77 1373
74 1374
73 1375
72 1376
77 1377
74 1378
73 1379
72 1380
77 1381
74 1382
73 1383
72 1384
77 1385
74 1386
73 1387
72 1388
77 1389
74 1390
73 1391
72 1392
77 1393
74 1394
73 1395
72 1396
77 1397
74 1398
73 1399
72 1400
77 1401
74 1402
73 1403
72 1404
77 1405
74 1406
73 1407
72 1408
77 1409
74 1410
73 1411
72 1412
77 1413
74 1414
73 1415
72 1416
77 1417
74 1418
73 1419
72 1420
77 1421
74 1422
73 1423
72 1424
77 1425
74 1426
73 1427
72 1428
77 1429
74 1430
73 1431
72 1432
77 1433
74 1434
73 1435
72 1436
77 1437
74 1438
73 1439
72 1440
77 1441
74 1442
73 1443
72 1444
77 1445
74 1446
73 1447
72 1448
78 1449
74 1450
73 1451
72 1452
78 1453
74 1454
73 1455
72 1456
78 1457
74 1458
73 1459
72 1460
78 1461
74 1462
73 1463
72 1464
78 1465
74 1466
73 1467
72 1468
78 1469
74 1470
73 1471
72 1472
78 1473
74 1474
73 1475
72 1476
78 1477
74 1478
73 1479
72 1480
78 1481
74 1482
73 1483
72 1484
78 1485
74 1486
73 1487
72 1488
78 1489
74 1490
73 1491
72 1492
78 1493
74 1494
73 1495
72 1496
78 1497
74 1498
73 1499
72 1500
78 1501
74 1502
73 1503
72 1504
78 1505
74 1506
73 1507
72 1508
78 1509
74 1510
73 1511
72 1512
78 1513
74 1514
73 1515
72 1516
78 1517
74 1518
73 1519
72 1520
78 1521
74 1522
73 1523
72 1524
78 1525
74 1526
73 1527
72 1528
78 1529
74 1530
73 1531
72 1532
78 1533
74 1534
73 1535
72 1536
78 1537
74 1538
73 1539
72 1540
78 1541
74 1542
73 1543
72 1544
78 1545
74 1546
73 1547
72 1548
78 1549
74 1550
73 1551
72 1552
78 1553
74 1554
73 1555
72 1556
78 1557
74 1558
73 1559
72 1560
78 1561
74 1562
73 1563
72 1564
78 1565
74 1566
73 1567
72 1568
78 1569
74 1570
73 1571
72 1572
78 1573
74 1574
73 1575
72 1576
78 1577
74 1578
73 1579
72 1580
78 1581
74 1582
73 1583
72 1584
78 1585
74 1586
73 1587
72 1588
78 1589
74 1590
73 1591
72 1592
78 1593
74 1594
73 1595
72 1596
78 1597
74 1598
73 1599
72 1600
78 1601
74 1602
73 1603
72 1604
78 1605
74 1606
73 1607
72 1608
78 1609
74 1610
73 1611
72 1612
78 1613
74 1614
73 1615
72 1616
78 1617
74 1618
73 1619
72 1620
78 1621
74 1622
73 1623
72 1624
78 1625
74 1626
73 1627
72 1628
78 1629
74 1630
73 1631
72 1632
78 1633
74 1634
73 1635
72 1636
78 1637
74 1638
73 1639
72 1640
78 1641
74 1642
73 1643
72 1644
78 1645
74 1646
73 1647
72 1648
78 1649
74 1650
73 1651
72 1652
78 1653
74 1654
73 1655
72 1656
78 1657
74 1658
73 1659
72 1660
78 1661
74 1662
73 1663
72 1664
78 1665
74 1666
73 1667
72 1668
78 1669
74 1670
73 1671
72 1672
78 1673
74 1674
73 1675
72 1676
78 1677
74 1678
73 1679
72 1680
78 1681
74 1682
73 1683
72 1684
78 1685
74 1686
73 1687
72 1688
78 1689
74 1690
73 1691
72 1692
78 1693
74 1694
73 1695
72 1696
78 1697
74 1698
73 1699
72 1700
78 1701
74 1702
73 1703
72 1704
78 1705
74 1706
73 1707
72 1708
78 1709
74 1710
73 1711
72 1712
78 1713
74 1714
73 1715
72 1716
78 1717
74 1718
73 1719
72 1720
78 1721
74 1722
73 1723
72 1724
78 1725
74 1726
73 1727
72 1728
78 1729
74 1730
73 1731
72 1732
78 1733
74 1734
73 1735
72 1736
78 1737
74 1738
73 1739
72 1740
78 1741
74 1742
73 1743
72 1744
78 1745
74 1746
73 1747
72 1748
78 1749
74 1750
73 1751
72 1752
78 1753
74 1754
73 1755
72 1756
78 1757
74 1758
73 1759
72 1760
78 1761
74 1762
73 1763
72 1764
78 1765
74 1766
73 1767
72 1768
78 1769
74 1770
73 1771
72 1772
78 1773
74 1774
73 1775
72 1776
78 1777
74 1778
73 1779
72 1780
78 1781
74 1782
73 1783
72 1784
78 1785
74 1786
73 1787
72 1788
78 1789
74 1790
73 1791
72 1792
78 1793
74 1794
73 1795
72 1796
78 1797
74 1798
73 1799
72 1800
78 1801
74 1802
73 1803
72 1804
78 1805
74 1806
73 1807
72 1808
78 1809
74 1810
73 1811
72 1812
78 1813
74 1814
73 1815
72 1816
78 1817
74 1818
73 1819
72 1820
78 1821
74 1822
73 1823
72 1824
78 1825
74 1826
73 1827
72 1828
78 1829
74 1830
73 1831
72 1832
78 1833
74 1834
73 1835
72 1836
78 1837
74 1838
73 1839
72 1840
78 1841
74 1842
73 1843
72 1844
78 1845
74 1846
73 1847
72 1848
78 1849
74 1850
73 1851
72 1852
78 1853
74 1854
73 1855
72 1856
78 1857
74 1858
73 1859
72 1860
78 1861
74 1862
73 1863
72 1864
78 1865
74 1866
73 1867
72 1868
78 1869
74 1870
73 1871
72 1872
78 1873
74 1874
73 1875
72 1876
78 1877
74 1878
73 1879
72 1880
78 1881
74 1882
73 1883
72 1884
78 1885
74 1886
73 1887
72 1888
78 1889
74 1890
73 1891
72 1892
78 1893
74 1894
73 1895
72 1896
78 1897
74 1898
73 1899
72 1900
78 1901
74 1902
73 1903
72 1904
78 1905
74 1906
73 1907
72 1908
78 1909
74 1910
73 1911
72 1912
78 1913
74 1914
73 1915
72 1916
78 1917
74 1918
73 1919
72 1920
78 1921
74 1922
73 1923
72 1924
78 1925
74 1926
73 1927
72 1928
78 1929
74 1930
73 1931
72 1932
78 1933
74 1934
73 1935
72 1936
78 1937
74 1938
73 1939
72 1940
78 1941
74 1942
73 1943
72 1944
78 1945
74 1946
73 1947
72 1948
78 1949
74 1950
73 1951
72 1952
78 1953
74 1954
73 1955
72 1956
78 1957
74 1958
73 1959
72 1960
78 1961
74 1962
73 1963
72 1964
78 1965
74 1966
73 1967
72 1968
78 1969
74 1970
73 1971
72 1972
78 1973
74 1974
73 1975
72 1976
78 1977
74 1978
73 1979
72 1980
78 1981
74 1982
73 1983
72 1984
78 1985
74 1986
73 1987
72 1988
78 1989
74 1990
73 1991
72 1992
78 1993
74 1994
73 1995
72 1996
78 1997
74 1998
73 1999
72 2000
78 1449
