7 1
7 2
8 3
9 4
9 5
10 6
10 7
10 8
11 9
11 10
11 11
11 12
11 13
12 14
12 15
12 16
12 17
12 18
12 19
12 20
12 21
13 22
13 23
13 24
13 25
13 26
13 27
13 28
13 29
13 30
13 31
13 32
13 33
13 34
13 35
14 36
14 37
14 38
14 39
14 40
14 41
14 42
14 43
14 44
14 45
14 46
14 47
14 48
14 49
14 50
14 51
14 52
14 53
14 54
14 55
14 56
14 57
14 58
15 59
15 60
15 61
15 62
15 63
15 64
15 65
15 66
15 67
15 68
15 69
15 70
15 71
15 72
15 73
15 74
15 75
15 76
15 77
15 78
15 79
15 80
15 81
15 82
15 83
15 84
15 85
15 86
15 87
15 88
15 89
15 90
15 91
15 92
15 93
15 94
15 95
15 96
16 97
16 98
16 99
16 100
16 101
16 102
16 103
16 104
16 105
16 106
16 107
16 108
16 109
16 110
16 111
16 112
16 113
16 114
16 115
16 116
16 117
16 118
16 119
16 120
16 121
16 122
16 123
16 124
16 125
16 126
16 127
16 128
16 129
16 130
16 131
16 132
16 133
16 134
16 135
16 136
16 137
16 138
16 139
16 140
16 141
16 142
16 143
16 144
16 145
16 146
16 147
16 148
16 149
16 150
16 151
16 152
16 153
16 154
16 155
16 156
16 157
16 158
16 159
16 160
17 161
17 162
17 163
17 164
17 165
17 166
17 167
17 168
17 169
17 170
17 171
17 172
17 173
17 174
17 175
17 176
17 177
17 178
17 179
17 180
17 181
17 182
17 183
17 184
17 185
17 186
17 187
17 188
17 189
17 190
17 191
17 192
17 193
17 194
17 195
17 196
17 197
17 198
17 199
17 200
17 201
17 202
17 203
17 204
17 205
17 206
17 207
17 208
17 209
17 210
17 211
17 212
17 213
17 214
17 215
17 216
17 217
17 218
17 219
17 220
17 221
17 222
17 223
17 224
17 225
17 226
17 227
17 228
17 229
17 230
17 231
17 232
17 233
17 234
17 235
17 236
17 237
17 238
17 239
17 240
17 241
17 242
17 243
17 244
17 245
17 246
17 247
17 248
17 249
17 250
17 251
17 252
17 253
17 254
17 255
17 256
17 257
17 258
17 259
17 260
17 261
17 262
17 263
17 264
17 265
17 266
18 267
18 268
18 269
18 270
18 271
18 272
18 273
18 274
18 275
18 276
18 277
18 278
18 279
18 280
18 281
18 282
18 283
18 284
18 285
18 286
18 287
18 288
18 289
18 290
18 291
18 292
18 293
18 294
18 295
18 296
18 297
18 298
18 299
18 300
18 301
18 302
18 303
18 304
18 305
18 306
18 307
18 308
18 309
18 310
18 311
18 312
18 313
18 314
18 315
18 316
18 317
18 318
18 319
18 320
18 321
18 322
18 323
18 324
18 325
18 326
18 327
18 328
18 329
18 330
18 331
18 332
18 333
18 334
18 335
18 336
18 337
18 338
18 339
18 340
18 341
18 342
18 343
18 344
18 345
18 346
18 347
18 348
18 349
18 350
18 351
18 352
18 353
18 354
18 355
18 356
18 357
18 358
18 359
18 360
18 361
18 362
18 363
18 364
18 365
18 366
18 367
18 368
18 369
18 370
18 371
18 372
18 373
18 374
18 375
18 376
18 377
18 378
18 379
18 380
18 381
18 382
18 383
18 384
18 385
18 386
18 387
18 388
18 389
18 390
18 391
18 392
18 393
18 394
18 395
18 396
18 397
18 398
18 399
18 400
18 401
18 402
18 403
18 404
18 405
18 406
18 407
18 408
18 409
18 410
18 411
18 412
18 413
18 414
18 415
18 416
18 417
18 418
18 419
18 420
18 421
18 422
18 423
18 424
18 425
18 426
18 427
18 428
18 429
18 430
18 431
18 432
18 433
18 434
18 435
18 436
18 437
18 438
18 439
18 440
18 441
18 442
18 443
19 444
19 445
19 446
19 447
19 448
19 449
19 450
19 451
19 452
19 453
19 454
19 455
19 456
19 457
19 458
19 459
19 460
19 461
19 462
19 463
19 464
19 465
19 466
19 467
19 468
19 469
19 470
19 471
19 472
19 473
19 474
19 475
19 476
19 477
19 478
19 479
19 480
19 481
19 482
19 483
19 484
19 485
19 486
19 487
19 488
19 489
19 490
19 491
19 492
19 493
19 494
19 495
19 496
19 497
19 498
19 499
19 500
19 501
19 502
19 503
19 504
19 505
19 506
19 507
19 508
19 509
19 510
19 511
19 512
19 513
19 514
19 515
19 516
19 517
19 518
19 519
19 520
19 521
19 522
19 523
19 524
19 525
19 526
19 527
19 528
19 529
19 530
19 531
19 532
19 533
19 534
19 535
19 536
19 537
19 538
19 539
19 540
19 541
19 542
19 543
19 544
19 545
19 546
19 547
19 548
19 549
19 550
19 551
19 552
19 553
19 554
19 555
19 556
19 557
19 558
19 559
19 560
19 561
19 562
19 563
19 564
19 565
19 566
19 567
19 568
19 569
19 570
19 571
19 572
19 573
19 574
19 575
19 576
19 577
19 578
19 579
19 580
19 581
19 582
19 583
19 584
19 585
19 586
19 587
19 588
19 589
19 590
19 591
19 592
19 593
19 594
19 595
19 596
19 597
19 598
19 599
19 600
19 601
19 602
19 603
19 604
19 605
19 606
19 607
19 608
19 609
19 610
19 611
19 612
19 613
19 614
19 615
19 616
19 617
19 618
19 619
19 620
19 621
19 622
19 623
19 624
19 625
19 626
19 627
19 628
19 629
19 630
19 631
19 632
19 633
19 634
19 635
19 636
19 637
19 638
19 639
19 640
19 641
19 642
19 643
19 644
19 645
19 646
19 647
19 648
19 649
19 650
19 651
19 652
19 653
19 654
19 655
19 656
19 657
19 658
19 659
19 660
19 661
19 662
19 663
19 664
19 665
19 666
19 667
19 668
19 669
19 670
19 671
19 672
19 673
19 674
19 675
19 676
19 677
19 678
19 679
19 680
19 681
19 682
19 683
19 684
19 685
19 686
19 687
19 688
19 689
19 690
19 691
19 692
19 693
19 694
19 695
19 696
19 697
19 698
19 699
19 700
19 701
19 702
19 703
19 704
19 705
19 706
19 707
19 708
19 709
19 710
19 711
19 712
19 713
19 714
19 715
19 716
19 717
19 718
19 719
19 720
19 721
19 722
19 723
19 724
19 725
19 726
19 727
19 728
19 729
19 730
19 731
19 732
19 733
19 734
19 735
19 736
19 737
19 738
20 739
20 740
20 741
20 742
20 743
20 744
20 745
20 746
20 747
20 748
20 749
20 750
20 751
20 752
20 753
20 754
20 755
20 756
20 757
20 758
20 759
20 760
20 761
20 762
20 763
20 764
20 765
20 766
20 767
20 768
20 769
20 770
20 771
20 772
20 773
20 774
20 775
20 776
20 777
20 778
20 779
20 780
20 781
20 782
20 783
20 784
20 785
20 786
20 787
20 788
20 789
20 790
20 791
20 792
20 793
20 794
20 795
20 796
20 797
20 798
20 799
20 800
20 801
20 802
20 803
20 804
20 805
20 806
20 807
20 808
20 809
20 810
20 811
20 812
20 813
20 814
20 815
20 816
20 817
20 818
20 819
20 820
20 821
20 822
20 823
20 824
20 825
20 826
20 827
20 828
20 829
20 830
20 831
20 832
20 833
20 834
20 835
20 836
20 837
20 838
20 839
20 840
20 841
20 842
20 843
20 844
20 845
20 846
20 847
20 848
20 849
20 850
20 851
20 852
20 853
20 854
20 855
20 856
20 857
20 858
20 859
20 860
20 861
20 862
20 863
20 864
20 865
20 866
20 867
20 868
20 869
20 870
20 871
20 872
20 873
20 874
20 875
20 876
20 877
20 878
20 879
20 880
20 881
20 882
20 883
20 884
20 885
20 886
20 887
20 888
20 889
20 890
20 891
20 892
20 893
20 894
20 895
20 896
20 897
20 898
20 899
20 900
20 901
20 902
20 903
20 904
20 905
20 906
20 907
20 908
20 909
20 910
20 911
20 912
20 913
20 914
20 915
20 916
20 917
20 918
20 919
20 920
20 921
20 922
20 923
20 924
20 925
20 926
20 927
20 928
20 929
20 930
20 931
20 932
20 933
20 934
20 935
20 936
20 937
20 938
20 939
20 940
20 941
20 942
20 943
20 944
20 945
20 946
20 947
20 948
20 949
20 950
20 951
20 952
20 953
20 954
20 955
20 956
20 957
20 958
20 959
20 960
20 961
20 962
20 963
20 964
20 965
20 966
20 967
20 968
20 969
20 970
20 971
20 972
20 973
20 974
20 975
20 976
20 977
20 978
20 979
20 980
20 981
20 982
20 983
20 984
20 985
20 986
20 987
20 988
20 989
20 990
20 991
20 992
20 993
20 994
20 995
20 996
20 997
20 998
20 999
20 1000
20 1001
20 1002
20 1003
20 1004
20 1005
20 1006
20 1007
20 1008
20 1009
20 1010
20 1011
20 1012
20 1013
20 1014
20 1015
20 1016
20 1017
20 1018
20 1019
20 1020
20 1021
20 1022
20 1023
20 1024
20 1025
20 1026
20 1027
20 1028
20 1029
20 1030
20 1031
20 1032
20 1033
20 1034
20 1035
20 1036
20 1037
20 1038
20 1039
20 1040
20 1041
20 1042
20 1043
20 1044
20 1045
20 1046
20 1047
20 1048
20 1049
20 1050
20 1051
20 1052
20 1053
20 1054
20 1055
20 1056
20 1057
20 1058
20 1059
20 1060
20 1061
20 1062
20 1063
20 1064
20 1065
20 1066
20 1067
20 1068
20 1069
20 1070
20 1071
20 1072
20 1073
20 1074
20 1075
20 1076
20 1077
20 1078
20 1079
20 1080
20 1081
20 1082
20 1083
20 1084
20 1085
20 1086
20 1087
20 1088
20 1089
20 1090
20 1091
20 1092
20 1093
20 1094
20 1095
20 1096
20 1097
20 1098
20 1099
20 1100
20 1101
20 1102
20 1103
20 1104
20 1105
20 1106
20 1107
20 1108
20 1109
20 1110
20 1111
20 1112
20 1113
20 1114
20 1115
20 1116
20 1117
20 1118
20 1119
20 1120
20 1121
20 1122
20 1123
20 1124
20 1125
20 1126
20 1127
20 1128
20 1129
20 1130
20 1131
20 1132
20 1133
20 1134
20 1135
20 1136
20 1137
20 1138
20 1139
20 1140
20 1141
20 1142
20 1143
20 1144
20 1145
20 1146
20 1147
20 1148
20 1149
20 1150
20 1151
20 1152
20 1153
20 1154
20 1155
20 1156
20 1157
20 1158
20 1159
20 1160
20 1161
20 1162
20 1163
20 1164
20 1165
20 1166
20 1167
20 1168
20 1169
20 1170
20 1171
20 1172
20 1173
20 1174
20 1175
20 1176
20 1177
20 1178
20 1179
20 1180
20 1181
20 1182
20 1183
20 1184
20 1185
20 1186
20 1187
20 1188
20 1189
20 1190
20 1191
20 1192
20 1193
20 1194
20 1195
20 1196
20 1197
20 1198
20 1199
20 1200
20 1201
20 1202
20 1203
20 1204
20 1205
20 1206
20 1207
20 1208
20 1209
20 1210
20 1211
20 1212
20 1213
20 1214
20 1215
20 1216
20 1217
20 1218
20 1219
20 1220
20 1221
20 1222
20 1223
20 1224
20 1225
20 1226
20 1227
20 1228
20 1229
20 1230
21 1231
21 1232
21 1233
21 1234
21 1235
21 1236
21 1237
21 1238
21 1239
21 1240
21 1241
21 1242
21 1243
21 1244
21 1245
21 1246
21 1247
21 1248
21 1249
21 1250
21 1251
21 1252
21 1253
21 1254
21 1255
21 1256
21 1257
21 1258
21 1259
21 1260
21 1261
21 1262
21 1263
21 1264
21 1265
21 1266
21 1267
21 1268
21 1269
21 1270
21 1271
21 1272
21 1273
21 1274
21 1275
21 1276
21 1277
21 1278
21 1279
21 1280
21 1281
21 1282
21 1283
21 1284
21 1285
21 1286
21 1287
21 1288
21 1289
21 1290
21 1291
21 1292
21 1293
21 1294
21 1295
21 1296
21 1297
21 1298
21 1299
21 1300
21 1301
21 1302
21 1303
21 1304
21 1305
21 1306
21 1307
21 1308
21 1309
21 1310
21 1311
21 1312
21 1313
21 1314
21 1315
21 1316
21 1317
21 1318
21 1319
21 1320
21 1321
21 1322
21 1323
21 1324
21 1325
21 1326
21 1327
21 1328
21 1329
21 1330
21 1331
21 1332
21 1333
21 1334
21 1335
21 1336
21 1337
21 1338
21 1339
21 1340
21 1341
21 1342
21 1343
21 1344
21 1345
21 1346
21 1347
21 1348
21 1349
21 1350
21 1351
21 1352
21 1353
21 1354
21 1355
21 1356
21 1357
21 1358
21 1359
21 1360
21 1361
21 1362
21 1363
21 1364
21 1365
21 1366
21 1367
21 1368
21 1369
21 1370
21 1371
21 1372
21 1373
21 1374
21 1375
21 1376
21 1377
21 1378
21 1379
21 1380
21 1381
21 1382
21 1383
21 1384
21 1385
21 1386
21 1387
21 1388
21 1389
21 1390
21 1391
21 1392
21 1393
21 1394
21 1395
21 1396
21 1397
21 1398
21 1399
21 1400
21 1401
21 1402
21 1403
21 1404
21 1405
21 1406
21 1407
21 1408
21 1409
21 1410
21 1411
21 1412
21 1413
21 1414
21 1415
21 1416
21 1417
21 1418
21 1419
21 1420
21 1421
21 1422
21 1423
21 1424
21 1425
21 1426
21 1427
21 1428
21 1429
21 1430
21 1431
21 1432
21 1433
21 1434
21 1435
21 1436
21 1437
21 1438
21 1439
21 1440
21 1441
21 1442
21 1443
21 1444
21 1445
21 1446
21 1447
21 1448
21 1449
21 1450
21 1451
21 1452
21 1453
21 1454
21 1455
21 1456
21 1457
21 1458
21 1459
21 1460
21 1461
21 1462
21 1463
21 1464
21 1465
21 1466
21 1467
21 1468
21 1469
21 1470
21 1471
21 1472
21 1473
21 1474
21 1475
21 1476
21 1477
21 1478
21 1479
21 1480
21 1481
21 1482
21 1483
21 1484
21 1485
21 1486
21 1487
21 1488
21 1489
21 1490
21 1491
21 1492
21 1493
21 1494
21 1495
21 1496
21 1497
21 1498
21 1499
21 1500
21 1501
21 1502
21 1503
21 1504
21 1505
21 1506
21 1507
21 1508
21 1509
21 1510
21 1511
21 1512
21 1513
21 1514
21 1515
21 1516
21 1517
21 1518
21 1519
21 1520
21 1521
21 1522
21 1523
21 1524
21 1525
21 1526
21 1527
21 1528
21 1529
21 1530
21 1531
21 1532
21 1533
21 1534
21 1535
21 1536
21 1537
21 1538
21 1539
21 1540
21 1541
21 1542
21 1543
21 1544
21 1545
21 1546
21 1547
21 1548
21 1549
21 1550
21 1551
21 1552
21 1553
21 1554
21 1555
21 1556
21 1557
21 1558
21 1559
21 1560
21 1561
21 1562
21 1563
21 1564
21 1565
21 1566
21 1567
21 1568
21 1569
21 1570
21 1571
21 1572
21 1573
21 1574
21 1575
21 1576
21 1577
21 1578
21 1579
21 1580
21 1581
21 1582
21 1583
21 1584
21 1585
21 1586
21 1587
21 1588
21 1589
21 1590
21 1591
21 1592
21 1593
21 1594
21 1595
21 1596
21 1597
21 1598
21 1599
21 1600
21 1601
21 1602
21 1603
21 1604
21 1605
21 1606
21 1607
21 1608
21 1609
21 1610
21 1611
21 1612
21 1613
21 1614
21 1615
21 1616
21 1617
21 1618
21 1619
21 1620
21 1621
21 1622
21 1623
21 1624
21 1625
21 1626
21 1627
21 1628
21 1629
21 1630
21 1631
21 1632
21 1633
21 1634
21 1635
21 1636
21 1637
21 1638
21 1639
21 1640
21 1641
21 1642
21 1643
21 1644
21 1645
21 1646
21 1647
21 1648
21 1649
21 1650
21 1651
21 1652
21 1653
21 1654
21 1655
21 1656
21 1657
21 1658
21 1659
21 1660
21 1661
21 1662
21 1663
21 1664
21 1665
21 1666
21 1667
21 1668
21 1669
21 1670
21 1671
21 1672
21 1673
21 1674
21 1675
21 1676
21 1677
21 1678
21 1679
21 1680
21 1681
21 1682
21 1683
21 1684
21 1685
21 1686
21 1687
21 1688
21 1689
21 1690
21 1691
21 1692
21 1693
21 1694
21 1695
21 1696
21 1697
21 1698
21 1699
21 1700
21 1701
21 1702
21 1703
21 1704
21 1705
21 1706
21 1707
21 1708
21 1709
21 1710
21 1711
21 1712
21 1713
21 1714
21 1715
21 1716
21 1717
21 1718
21 1719
21 1720
21 1721
21 1722
21 1723
21 1724
21 1725
21 1726
21 1727
21 1728
21 1729
21 1730
21 1731
21 1732
21 1733
21 1734
21 1735
21 1736
21 1737
21 1738
21 1739
21 1740
21 1741
21 1742
21 1743
21 1744
21 1745
21 1746
21 1747
21 1748
21 1749
21 1750
21 1751
21 1752
21 1753
21 1754
21 1755
21 1756
21 1757
21 1758
21 1759
21 1760
21 1761
21 1762
21 1763
21 1764
21 1765
21 1766
21 1767
21 1768
21 1769
21 1770
21 1771
21 1772
21 1773
21 1774
21 1775
21 1776
21 1777
21 1778
21 1779
21 1780
21 1781
21 1782
21 1783
21 1784
21 1785
21 1786
21 1787
21 1788
21 1789
21 1790
21 1791
21 1792
21 1793
21 1794
21 1795
21 1796
21 1797
21 1798
21 1799
21 1800
21 1801
21 1802
21 1803
21 1804
21 1805
21 1806
21 1807
21 1808
21 1809
21 1810
21 1811
21 1812
21 1813
21 1814
21 1815
21 1816
21 1817
21 1818
21 1819
21 1820
21 1821
21 1822
21 1823
21 1824
21 1825
21 1826
21 1827
21 1828
21 1829
21 1830
21 1831
21 1832
21 1833
21 1834
21 1835
21 1836
21 1837
21 1838
21 1839
21 1840
21 1841
21 1842
21 1843
21 1844
21 1845
21 1846
21 1847
21 1848
21 1849
21 1850
21 1851
21 1852
21 1853
21 1854
21 1855
21 1856
21 1857
21 1858
21 1859
21 1860
21 1861
21 1862
21 1863
21 1864
21 1865
21 1866
21 1867
21 1868
21 1869
21 1870
21 1871
21 1872
21 1873
21 1874
21 1875
21 1876
21 1877
21 1878
21 1879
21 1880
21 1881
21 1882
21 1883
21 1884
21 1885
21 1886
21 1887
21 1888
21 1889
21 1890
21 1891
21 1892
21 1893
21 1894
21 1895
21 1896
21 1897
21 1898
21 1899
21 1900
21 1901
21 1902
21 1903
21 1904
21 1905
21 1906
21 1907
21 1908
21 1909
21 1910
21 1911
21 1912
21 1913
21 1914
21 1915
21 1916
21 1917
21 1918
21 1919
21 1920
21 1921
21 1922
21 1923
21 1924
21 1925
21 1926
21 1927
21 1928
21 1929
21 1930
21 1931
21 1932
21 1933
21 1934
21 1935
21 1936
21 1937
21 1938
21 1939
21 1940
21 1941
21 1942
21 1943
21 1944
21 1945
21 1946
21 1947
21 1948
21 1949
21 1950
21 1951
21 1952
21 1953
21 1954
21 1955
21 1956
21 1957
21 1958
21 1959
21 1960
21 1961
21 1962
21 1963
21 1964
21 1965
21 1966
21 1967
21 1968
21 1969
21 1970
21 1971
21 1972
21 1973
21 1974
21 1975
21 1976
21 1977
21 1978
21 1979
21 1980
21 1981
21 1982
21 1983
21 1984
21 1985
21 1986
21 1987
21 1988
21 1989
21 1990
21 1991
21 1992
21 1993
21 1994
21 1995
21 1996
21 1997
21 1998
21 1999
21 2000
21 2000
