4 1
7 2
9 3
10 4
11 5
11 6
12 7
12 8
13 9
13 10
13 11
14 12
14 13
14 14
14 15
15 16
15 17
15 18
15 19
15 20
15 21
16 22
16 23
16 24
16 25
16 26
16 27
16 28
17 29
17 30
17 31
17 32
17 33
17 34
17 35
17 36
17 37
17 38
18 39
18 40
18 41
18 42
18 43
18 44
18 45
18 46
18 47
18 48
18 49
18 50
18 51
19 52
19 53
19 54
19 55
19 56
19 57
19 58
19 59
19 60
19 61
19 62
19 63
19 64
19 65
19 66
19 67
19 68
20 69
20 70
20 71
20 72
20 73
20 74
20 75
20 76
20 77
20 78
20 79
20 80
20 81
20 82
20 83
20 84
20 85
20 86
20 87
20 88
20 89
20 90
20 91
21 92
21 93
21 94
21 95
21 96
21 97
21 98
21 99
21 100
21 101
21 102
21 103
21 104
21 105
21 106
21 107
21 108
21 109
21 110
21 111
21 112
21 113
21 114
21 115
21 116
21 117
21 118
21 119
21 120
21 121
21 122
22 123
22 124
22 125
22 126
22 127
22 128
22 129
22 130
22 131
22 132
22 133
22 134
22 135
22 136
22 137
22 138
22 139
22 140
22 141
22 142
22 143
22 144
22 145
22 146
22 147
22 148
22 149
22 150
22 151
22 152
22 153
22 154
22 155
22 156
22 157
22 158
22 159
22 160
22 161
22 162
22 163
23 164
23 165
23 166
23 167
23 168
23 169
23 170
23 171
23 172
23 173
23 174
23 175
23 176
23 177
23 178
23 179
23 180
23 181
23 182
23 183
23 184
23 185
23 186
23 187
23 188
23 189
23 190
23 191
23 192
23 193
23 194
23 195
23 196
23 197
23 198
23 199
23 200
23 201
23 202
23 203
23 204
23 205
23 206
23 207
23 208
23 209
23 210
23 211
23 212
23 213
23 214
23 215
23 216
23 217
24 218
24 219
24 220
24 221
24 222
24 223
24 224
24 225
24 226
24 227
24 228
24 229
24 230
24 231
24 232
24 233
24 234
24 235
24 236
24 237
24 238
24 239
24 240
24 241
24 242
24 243
24 244
24 245
24 246
24 247
24 248
24 249
24 250
24 251
24 252
24 253
24 254
24 255
24 256
24 257
24 258
24 259
24 260
24 261
24 262
24 263
24 264
24 265
24 266
24 267
24 268
24 269
24 270
24 271
24 272
24 273
24 274
24 275
24 276
24 277
24 278
24 279
24 280
24 281
24 282
24 283
24 284
24 285
24 286
24 287
24 288
24 289
24 290
25 291
25 292
25 293
25 294
25 295
25 296
25 297
25 298
25 299
25 300
25 301
25 302
25 303
25 304
25 305
25 306
25 307
25 308
25 309
25 310
25 311
25 312
25 313
25 314
25 315
25 316
25 317
25 318
25 319
25 320
25 321
25 322
25 323
25 324
25 325
25 326
25 327
25 328
25 329
25 330
25 331
25 332
25 333
25 334
25 335
25 336
25 337
25 338
25 339
25 340
25 341
25 342
25 343
25 344
25 345
25 346
25 347
25 348
25 349
25 350
25 351
25 352
25 353
25 354
25 355
25 356
25 357
25 358
25 359
25 360
25 361
25 362
25 363
25 364
25 365
25 366
25 367
25 368
25 369
25 370
25 371
25 372
25 373
25 374
25 375
25 376
25 377
25 378
25 379
25 380
25 381
25 382
25 383
25 384
25 385
25 386
25 387
26 388
26 389
26 390
26 391
26 392
26 393
26 394
26 395
26 396
26 397
26 398
26 399
26 400
26 401
26 402
26 403
26 404
26 405
26 406
26 407
26 408
26 409
26 410
26 411
26 412
26 413
26 414
26 415
26 416
26 417
26 418
26 419
26 420
26 421
26 422
26 423
26 424
26 425
26 426
26 427
26 428
26 429
26 430
26 431
26 432
26 433
26 434
26 435
26 436
26 437
26 438
26 439
26 440
26 441
26 442
26 443
26 444
26 445
26 446
26 447
26 448
26 449
26 450
26 451
26 452
26 453
26 454
26 455
26 456
26 457
26 458
26 459
26 460
26 461
26 462
26 463
26 464
26 465
26 466
26 467
26 468
26 469
26 470
26 471
26 472
26 473
26 474
26 475
26 476
26 477
26 478
26 479
26 480
26 481
26 482
26 483
26 484
26 485
26 486
26 487
26 488
26 489
26 490
26 491
26 492
26 493
26 494
26 495
26 496
26 497
26 498
26 499
26 500
26 501
26 502
26 503
26 504
26 505
26 506
26 507
26 508
26 509
26 510
26 511
26 512
26 513
26 514
26 515
26 516
27 517
27 518
27 519
27 520
27 521
27 522
27 523
27 524
27 525
27 526
27 527
27 528
27 529
27 530
27 531
27 532
27 533
27 534
27 535
27 536
27 537
27 538
27 539
27 540
27 541
27 542
27 543
27 544
27 545
27 546
27 547
27 548
27 549
27 550
27 551
27 552
27 553
27 554
27 555
27 556
27 557
27 558
27 559
27 560
27 561
27 562
27 563
27 564
27 565
27 566
27 567
27 568
27 569
27 570
27 571
27 572
27 573
27 574
27 575
27 576
27 577
27 578
27 579
27 580
27 581
27 582
27 583
27 584
27 585
27 586
27 587
27 588
27 589
27 590
27 591
27 592
27 593
27 594
27 595
27 596
27 597
27 598
27 599
27 600
27 601
27 602
27 603
27 604
27 605
27 606
27 607
27 608
27 609
27 610
27 611
27 612
27 613
27 614
27 615
27 616
27 617
27 618
27 619
27 620
27 621
27 622
27 623
27 624
27 625
27 626
27 627
27 628
27 629
27 630
27 631
27 632
27 633
27 634
27 635
27 636
27 637
27 638
27 639
27 640
27 641
27 642
27 643
27 644
27 645
27 646
27 647
27 648
27 649
27 650
27 651
27 652
27 653
27 654
27 655
27 656
27 657
27 658
27 659
27 660
27 661
27 662
27 663
27 664
27 665
27 666
27 667
27 668
27 669
27 670
27 671
27 672
27 673
27 674
27 675
27 676
27 677
27 678
27 679
27 680
27 681
27 682
27 683
27 684
27 685
27 686
27 687
27 688
27 689
28 690
28 691
28 692
28 693
28 694
28 695
28 696
28 697
28 698
28 699
28 700
28 701
28 702
28 703
28 704
28 705
28 706
28 707
28 708
28 709
28 710
28 711
28 712
28 713
28 714
28 715
28 716
28 717
28 718
28 719
28 720
28 721
28 722
28 723
28 724
28 725
28 726
28 727
28 728
28 729
28 730
28 731
28 732
28 733
28 734
28 735
28 736
28 737
28 738
28 739
28 740
28 741
28 742
28 743
28 744
28 745
28 746
28 747
28 748
28 749
28 750
28 751
28 752
28 753
28 754
28 755
28 756
28 757
28 758
28 759
28 760
28 761
28 762
28 763
28 764
28 765
28 766
28 767
28 768
28 769
28 770
28 771
28 772
28 773
28 774
28 775
28 776
28 777
28 778
28 779
28 780
28 781
28 782
28 783
28 784
28 785
28 786
28 787
28 788
28 789
28 790
28 791
28 792
28 793
28 794
28 795
28 796
28 797
28 798
28 799
28 800
28 801
28 802
28 803
28 804
28 805
28 806
28 807
28 808
28 809
28 810
28 811
28 812
28 813
28 814
28 815
28 816
28 817
28 818
28 819
28 820
28 821
28 822
28 823
28 824
28 825
28 826
28 827
28 828
28 829
28 830
28 831
28 832
28 833
28 834
28 835
28 836
28 837
28 838
28 839
28 840
28 841
28 842
28 843
28 844
28 845
28 846
28 847
28 848
28 849
28 850
28 851
28 852
28 853
28 854
28 855
28 856
28 857
28 858
28 859
28 860
28 861
28 862
28 863
28 864
28 865
28 866
28 867
28 868
28 869
28 870
28 871
28 872
28 873
28 874
28 875
28 876
28 877
28 878
28 879
28 880
28 881
28 882
28 883
28 884
28 885
28 886
28 887
28 888
28 889
28 890
28 891
28 892
28 893
28 894
28 895
28 896
28 897
28 898
28 899
28 900
28 901
28 902
28 903
28 904
28 905
28 906
28 907
28 908
28 909
28 910
28 911
28 912
28 913
28 914
28 915
28 916
28 917
28 918
28 919
29 920
29 921
29 922
29 923
29 924
29 925
29 926
29 927
29 928
29 929
29 930
29 931
29 932
29 933
29 934
29 935
29 936
29 937
29 938
29 939
29 940
29 941
29 942
29 943
29 944
29 945
29 946
29 947
29 948
29 949
29 950
29 951
29 952
29 953
29 954
29 955
29 956
29 957
29 958
29 959
29 960
29 961
29 962
29 963
29 964
29 965
29 966
29 967
29 968
29 969
29 970
29 971
29 972
29 973
29 974
29 975
29 976
29 977
29 978
29 979
29 980
29 981
29 982
29 983
29 984
29 985
29 986
29 987
29 988
29 989
29 990
29 991
29 992
29 993
29 994
29 995
29 996
29 997
29 998
29 999
29 1000
29 1001
29 1002
29 1003
29 1004
29 1005
29 1006
29 1007
29 1008
29 1009
29 1010
29 1011
29 1012
29 1013
29 1014
29 1015
29 1016
29 1017
29 1018
29 1019
29 1020
29 1021
29 1022
29 1023
29 1024
29 1025
29 1026
29 1027
29 1028
29 1029
29 1030
29 1031
29 1032
29 1033
29 1034
29 1035
29 1036
29 1037
29 1038
29 1039
29 1040
29 1041
29 1042
29 1043
29 1044
29 1045
29 1046
29 1047
29 1048
29 1049
29 1050
29 1051
29 1052
29 1053
29 1054
29 1055
29 1056
29 1057
29 1058
29 1059
29 1060
29 1061
29 1062
29 1063
29 1064
29 1065
29 1066
29 1067
29 1068
29 1069
29 1070
29 1071
29 1072
29 1073
29 1074
29 1075
29 1076
29 1077
29 1078
29 1079
29 1080
29 1081
29 1082
29 1083
29 1084
29 1085
29 1086
29 1087
29 1088
29 1089
29 1090
29 1091
29 1092
29 1093
29 1094
29 1095
29 1096
29 1097
29 1098
29 1099
29 1100
29 1101
29 1102
29 1103
29 1104
29 1105
29 1106
29 1107
29 1108
29 1109
29 1110
29 1111
29 1112
29 1113
29 1114
29 1115
29 1116
29 1117
29 1118
29 1119
29 1120
29 1121
29 1122
29 1123
29 1124
29 1125
29 1126
29 1127
29 1128
29 1129
29 1130
29 1131
29 1132
29 1133
29 1134
29 1135
29 1136
29 1137
29 1138
29 1139
29 1140
29 1141
29 1142
29 1143
29 1144
29 1145
29 1146
29 1147
29 1148
29 1149
29 1150
29 1151
29 1152
29 1153
29 1154
29 1155
29 1156
29 1157
29 1158
29 1159
29 1160
29 1161
29 1162
29 1163
29 1164
29 1165
29 1166
29 1167
29 1168
29 1169
29 1170
29 1171
29 1172
29 1173
29 1174
29 1175
29 1176
29 1177
29 1178
29 1179
29 1180
29 1181
29 1182
29 1183
29 1184
29 1185
29 1186
29 1187
29 1188
29 1189
29 1190
29 1191
29 1192
29 1193
29 1194
29 1195
29 1196
29 1197
29 1198
29 1199
29 1200
29 1201
29 1202
29 1203
29 1204
29 1205
29 1206
29 1207
29 1208
29 1209
29 1210
29 1211
29 1212
29 1213
29 1214
29 1215
29 1216
29 1217
29 1218
29 1219
29 1220
29 1221
29 1222
29 1223
29 1224
29 1225
30 1226
30 1227
30 1228
30 1229
30 1230
30 1231
30 1232
30 1233
30 1234
30 1235
30 1236
30 1237
30 1238
30 1239
30 1240
30 1241
30 1242
30 1243
30 1244
30 1245
30 1246
30 1247
30 1248
30 1249
30 1250
30 1251
30 1252
30 1253
30 1254
30 1255
30 1256
30 1257
30 1258
30 1259
30 1260
30 1261
30 1262
30 1263
30 1264
30 1265
30 1266
30 1267
30 1268
30 1269
30 1270
30 1271
30 1272
30 1273
30 1274
30 1275
30 1276
30 1277
30 1278
30 1279
30 1280
30 1281
30 1282
30 1283
30 1284
30 1285
30 1286
30 1287
30 1288
30 1289
30 1290
30 1291
30 1292
30 1293
30 1294
30 1295
30 1296
30 1297
30 1298
30 1299
30 1300
30 1301
30 1302
30 1303
30 1304
30 1305
30 1306
30 1307
30 1308
30 1309
30 1310
30 1311
30 1312
30 1313
30 1314
30 1315
30 1316
30 1317
30 1318
30 1319
30 1320
30 1321
30 1322
30 1323
30 1324
30 1325
30 1326
30 1327
30 1328
30 1329
30 1330
30 1331
30 1332
30 1333
30 1334
30 1335
30 1336
30 1337
30 1338
30 1339
30 1340
30 1341
30 1342
30 1343
30 1344
30 1345
30 1346
30 1347
30 1348
30 1349
30 1350
30 1351
30 1352
30 1353
30 1354
30 1355
30 1356
30 1357
30 1358
30 1359
30 1360
30 1361
30 1362
30 1363
30 1364
30 1365
30 1366
30 1367
30 1368
30 1369
30 1370
30 1371
30 1372
30 1373
30 1374
30 1375
30 1376
30 1377
30 1378
30 1379
30 1380
30 1381
30 1382
30 1383
30 1384
30 1385
30 1386
30 1387
30 1388
30 1389
30 1390
30 1391
30 1392
30 1393
30 1394
30 1395
30 1396
30 1397
30 1398
30 1399
30 1400
30 1401
30 1402
30 1403
30 1404
30 1405
30 1406
30 1407
30 1408
30 1409
30 1410
30 1411
30 1412
30 1413
30 1414
30 1415
30 1416
30 1417
30 1418
30 1419
30 1420
30 1421
30 1422
30 1423
30 1424
30 1425
30 1426
30 1427
30 1428
30 1429
30 1430
30 1431
30 1432
30 1433
30 1434
30 1435
30 1436
30 1437
30 1438
30 1439
30 1440
30 1441
30 1442
30 1443
30 1444
30 1445
30 1446
30 1447
30 1448
30 1449
30 1450
30 1451
30 1452
30 1453
30 1454
30 1455
30 1456
30 1457
30 1458
30 1459
30 1460
30 1461
30 1462
30 1463
30 1464
30 1465
30 1466
30 1467
30 1468
30 1469
30 1470
30 1471
30 1472
30 1473
30 1474
30 1475
30 1476
30 1477
30 1478
30 1479
30 1480
30 1481
30 1482
30 1483
30 1484
30 1485
30 1486
30 1487
30 1488
30 1489
30 1490
30 1491
30 1492
30 1493
30 1494
30 1495
30 1496
30 1497
30 1498
30 1499
30 1500
30 1501
30 1502
30 1503
30 1504
30 1505
30 1506
30 1507
30 1508
30 1509
30 1510
30 1511
30 1512
30 1513
30 1514
30 1515
30 1516
30 1517
30 1518
30 1519
30 1520
30 1521
30 1522
30 1523
30 1524
30 1525
30 1526
30 1527
30 1528
30 1529
30 1530
30 1531
30 1532
30 1533
30 1534
30 1535
30 1536
30 1537
30 1538
30 1539
30 1540
30 1541
30 1542
30 1543
30 1544
30 1545
30 1546
30 1547
30 1548
30 1549
30 1550
30 1551
30 1552
30 1553
30 1554
30 1555
30 1556
30 1557
30 1558
30 1559
30 1560
30 1561
30 1562
30 1563
30 1564
30 1565
30 1566
30 1567
30 1568
30 1569
30 1570
30 1571
30 1572
30 1573
30 1574
30 1575
30 1576
30 1577
30 1578
30 1579
30 1580
30 1581
30 1582
30 1583
30 1584
30 1585
30 1586
30 1587
30 1588
30 1589
30 1590
30 1591
30 1592
30 1593
30 1594
30 1595
30 1596
30 1597
30 1598
30 1599
30 1600
30 1601
30 1602
30 1603
30 1604
30 1605
30 1606
30 1607
30 1608
30 1609
30 1610
30 1611
30 1612
30 1613
30 1614
30 1615
30 1616
30 1617
30 1618
30 1619
30 1620
30 1621
30 1622
30 1623
30 1624
30 1625
30 1626
30 1627
30 1628
30 1629
30 1630
30 1631
30 1632
30 1633
30 1634
31 1635
31 1636
31 1637
31 1638
31 1639
31 1640
31 1641
31 1642
31 1643
31 1644
31 1645
31 1646
31 1647
31 1648
31 1649
31 1650
31 1651
31 1652
31 1653
31 1654
31 1655
31 1656
31 1657
31 1658
31 1659
31 1660
31 1661
31 1662
31 1663
31 1664
31 1665
31 1666
31 1667
31 1668
31 1669
31 1670
31 1671
31 1672
31 1673
31 1674
31 1675
31 1676
31 1677
31 1678
31 1679
31 1680
31 1681
31 1682
31 1683
31 1684
31 1685
31 1686
31 1687
31 1688
31 1689
31 1690
31 1691
31 1692
31 1693
31 1694
31 1695
31 1696
31 1697
31 1698
31 1699
31 1700
31 1701
31 1702
31 1703
31 1704
31 1705
31 1706
31 1707
31 1708
31 1709
31 1710
31 1711
31 1712
31 1713
31 1714
31 1715
31 1716
31 1717
31 1718
31 1719
31 1720
31 1721
31 1722
31 1723
31 1724
31 1725
31 1726
31 1727
31 1728
31 1729
31 1730
31 1731
31 1732
31 1733
31 1734
31 1735
31 1736
31 1737
31 1738
31 1739
31 1740
31 1741
31 1742
31 1743
31 1744
31 1745
31 1746
31 1747
31 1748
31 1749
31 1750
31 1751
31 1752
31 1753
31 1754
31 1755
31 1756
31 1757
31 1758
31 1759
31 1760
31 1761
31 1762
31 1763
31 1764
31 1765
31 1766
31 1767
31 1768
31 1769
31 1770
31 1771
31 1772
31 1773
31 1774
31 1775
31 1776
31 1777
31 1778
31 1779
31 1780
31 1781
31 1782
31 1783
31 1784
31 1785
31 1786
31 1787
31 1788
31 1789
31 1790
31 1791
31 1792
31 1793
31 1794
31 1795
31 1796
31 1797
31 1798
31 1799
31 1800
31 1801
31 1802
31 1803
31 1804
31 1805
31 1806
31 1807
31 1808
31 1809
31 1810
31 1811
31 1812
31 1813
31 1814
31 1815
31 1816
31 1817
31 1818
31 1819
31 1820
31 1821
31 1822
31 1823
31 1824
31 1825
31 1826
31 1827
31 1828
31 1829
31 1830
31 1831
31 1832
31 1833
31 1834
31 1835
31 1836
31 1837
31 1838
31 1839
31 1840
31 1841
31 1842
31 1843
31 1844
31 1845
31 1846
31 1847
31 1848
31 1849
31 1850
31 1851
31 1852
31 1853
31 1854
31 1855
31 1856
31 1857
31 1858
31 1859
31 1860
31 1861
31 1862
31 1863
31 1864
31 1865
31 1866
31 1867
31 1868
31 1869
31 1870
31 1871
31 1872
31 1873
31 1874
31 1875
31 1876
31 1877
31 1878
31 1879
31 1880
31 1881
31 1882
31 1883
31 1884
31 1885
31 1886
31 1887
31 1888
31 1889
31 1890
31 1891
31 1892
31 1893
31 1894
31 1895
31 1896
31 1897
31 1898
31 1899
31 1900
31 1901
31 1902
31 1903
31 1904
31 1905
31 1906
31 1907
31 1908
31 1909
31 1910
31 1911
31 1912
31 1913
31 1914
31 1915
31 1916
31 1917
31 1918
31 1919
31 1920
31 1921
31 1922
31 1923
31 1924
31 1925
31 1926
31 1927
31 1928
31 1929
31 1930
31 1931
31 1932
31 1933
31 1934
31 1935
31 1936
31 1937
31 1938
31 1939
31 1940
31 1941
31 1942
31 1943
31 1944
31 1945
31 1946
31 1947
31 1948
31 1949
31 1950
31 1951
31 1952
31 1953
31 1954
31 1955
31 1956
31 1957
31 1958
31 1959
31 1960
31 1961
31 1962
31 1963
31 1964
31 1965
31 1966
31 1967
31 1968
31 1969
31 1970
31 1971
31 1972
31 1973
31 1974
31 1975
31 1976
31 1977
31 1978
31 1979
31 1980
31 1981
31 1982
31 1983
31 1984
31 1985
31 1986
31 1987
31 1988
31 1989
31 1990
31 1991
31 1992
31 1993
31 1994
31 1995
31 1996
31 1997
31 1998
31 1999
31 2000
31 1635
4 1
3 2
8 3
6 4
9 5
6 6
9 7
7 8
10 9
7 10
10 11
8 12
11 13
8 14
11 15
8 16
11 17
9 18
11 19
9 20
12 21
9 22
12 23
9 24
12 25
9 26
12 27
9 28
12 29
10 30
12 31
10 32
12 33
10 34
13 35
10 36
13 37
10 38
13 39
10 40
13 41
10 42
13 43
10 44
13 45
10 46
13 47
10 48
13 49
11 50
13 51
11 52
13 53
11 54
13 55
11 56
13 57
11 58
14 59
11 60
14 61
11 62
14 63
11 64
14 65
11 66
14 67
11 68
14 69
11 70
14 71
11 72
14 73
11 74
14 75
11 76
14 77
11 78
14 79
11 80
14 81
11 82
14 83
12 84
14 85
12 86
14 87
12 88
14 89
12 90
14 91
12 92
14 93
12 94
14 95
12 96
14 97
12 98
15 99
12 100
15 101
12 102
15 103
12 104
15 105
12 106
15 107
12 108
15 109
12 110
15 111
12 112
15 113
12 114
15 115
12 116
15 117
12 118
15 119
12 120
15 121
12 122
15 123
12 124
15 125
12 126
15 127
12 128
15 129
12 130
15 131
12 132
15 133
12 134
15 135
12 136
15 137
13 138
15 139
13 140
15 141
13 142
15 143
13 144
15 145
13 146
15 147
13 148
15 149
13 150
15 151
13 152
15 153
13 154
15 155
13 156
15 157
13 158
15 159
13 160
15 161
13 162
16 163
13 164
16 165
13 166
16 167
13 168
16 169
13 170
16 171
13 172
16 173
13 174
16 175
13 176
16 177
13 178
16 179
13 180
16 181
13 182
16 183
13 184
16 185
13 186
16 187
13 188
16 189
13 190
16 191
13 192
16 193
13 194
16 195
13 196
16 197
13 198
16 199
13 200
16 201
13 202
16 203
13 204
16 205
13 206
16 207
13 208
16 209
13 210
16 211
13 212
16 213
13 214
16 215
13 216
16 217
13 218
16 219
13 220
16 221
13 222
16 223
13 224
16 225
13 226
16 227
13 228
16 229
14 230
16 231
14 232
16 233
14 234
16 235
14 236
16 237
14 238
16 239
14 240
16 241
14 242
16 243
14 244
16 245
14 246
16 247
14 248
16 249
14 250
16 251
14 252
16 253
14 254
16 255
14 256
16 257
14 258
16 259
14 260
16 261
14 262
16 263
14 264
16 265
14 266
16 267
14 268
16 269
14 270
17 271
14 272
17 273
14 274
17 275
14 276
17 277
14 278
17 279
14 280
17 281
14 282
17 283
14 284
17 285
14 286
17 287
14 288
17 289
14 290
17 291
14 292
17 293
14 294
17 295
14 296
17 297
14 298
17 299
14 300
17 301
14 302
17 303
14 304
17 305
14 306
17 307
14 308
17 309
14 310
17 311
14 312
17 313
14 314
17 315
14 316
17 317
14 318
17 319
14 320
17 321
14 322
17 323
14 324
17 325
14 326
17 327
14 328
17 329
14 330
17 331
14 332
17 333
14 334
17 335
14 336
17 337
14 338
17 339
14 340
17 341
14 342
17 343
14 344
17 345
14 346
17 347
14 348
17 349
14 350
17 351
14 352
17 353
14 354
17 355
14 356
17 357
14 358
17 359
14 360
17 361
14 362
17 363
14 364
17 365
14 366
17 367
14 368
17 369
14 370
17 371
14 372
17 373
14 374
17 375
14 376
17 377
14 378
17 379
14 380
17 381
14 382
17 383
15 384
17 385
15 386
17 387
15 388
17 389
15 390
17 391
15 392
17 393
15 394
17 395
15 396
17 397
15 398
17 399
15 400
17 401
15 402
17 403
15 404
17 405
15 406
17 407
15 408
17 409
15 410
17 411
15 412
17 413
15 414
17 415
15 416
17 417
15 418
17 419
15 420
17 421
15 422
17 423
15 424
17 425
15 426
17 427
15 428
17 429
15 430
17 431
15 432
17 433
15 434
17 435
15 436
17 437
15 438
17 439
15 440
17 441
15 442
17 443
15 444
17 445
15 446
17 447
15 448
17 449
15 450
17 451
15 452
18 453
15 454
18 455
15 456
18 457
15 458
18 459
15 460
18 461
15 462
18 463
15 464
18 465
15 466
18 467
15 468
18 469
15 470
18 471
15 472
18 473
15 474
18 475
15 476
18 477
15 478
18 479
15 480
18 481
15 482
18 483
15 484
18 485
15 486
18 487
15 488
18 489
15 490
18 491
15 492
18 493
15 494
18 495
15 496
18 497
15 498
18 499
15 500
18 501
15 502
18 503
15 504
18 505
15 506
18 507
15 508
18 509
15 510
18 511
15 512
18 513
15 514
18 515
15 516
18 517
15 518
18 519
15 520
18 521
15 522
18 523
15 524
18 525
15 526
18 527
15 528
18 529
15 530
18 531
15 532
18 533
15 534
18 535
15 536
18 537
15 538
18 539
15 540
18 541
15 542
18 543
15 544
18 545
15 546
18 547
15 548
18 549
15 550
18 551
15 552
18 553
15 554
18 555
15 556
18 557
15 558
18 559
15 560
18 561
15 562
18 563
15 564
18 565
15 566
18 567
15 568
18 569
15 570
18 571
15 572
18 573
15 574
18 575
15 576
18 577
15 578
18 579
15 580
18 581
15 582
18 583
15 584
18 585
15 586
18 587
15 588
18 589
15 590
18 591
15 592
18 593
15 594
18 595
15 596
18 597
15 598
18 599
15 600
18 601
15 602
18 603
15 604
18 605
15 606
18 607
15 608
18 609
15 610
18 611
15 612
18 613
15 614
18 615
15 616
18 617
15 618
18 619
15 620
18 621
15 622
18 623
15 624
18 625
15 626
18 627
15 628
18 629
15 630
18 631
15 632
18 633
15 634
18 635
15 636
18 637
16 638
18 639
16 640
18 641
16 642
18 643
16 644
18 645
16 646
18 647
16 648
18 649
16 650
18 651
16 652
18 653
16 654
18 655
16 656
18 657
16 658
18 659
16 660
18 661
16 662
18 663
16 664
18 665
16 666
18 667
16 668
18 669
16 670
18 671
16 672
18 673
16 674
18 675
16 676
18 677
16 678
18 679
16 680
18 681
16 682
18 683
16 684
18 685
16 686
18 687
16 688
18 689
16 690
18 691
16 692
18 693
16 694
18 695
16 696
18 697
16 698
18 699
16 700
18 701
16 702
18 703
16 704
18 705
16 706
18 707
16 708
18 709
16 710
18 711
16 712
18 713
16 714
18 715
16 716
18 717
16 718
18 719
16 720
18 721
16 722
18 723
16 724
18 725
16 726
18 727
16 728
18 729
16 730
18 731
16 732
18 733
16 734
18 735
16 736
18 737
16 738
18 739
16 740
18 741
16 742
18 743
16 744
18 745
16 746
18 747
16 748
18 749
16 750
18 751
16 752
19 753
16 754
19 755
16 756
19 757
16 758
19 759
16 760
19 761
16 762
19 763
16 764
19 765
16 766
19 767
16 768
19 769
16 770
19 771
16 772
19 773
16 774
19 775
16 776
19 777
16 778
19 779
16 780
19 781
16 782
19 783
16 784
19 785
16 786
19 787
16 788
19 789
16 790
19 791
16 792
19 793
16 794
19 795
16 796
19 797
16 798
19 799
16 800
19 801
16 802
19 803
16 804
19 805
16 806
19 807
16 808
19 809
16 810
19 811
16 812
19 813
16 814
19 815
16 816
19 817
16 818
19 819
16 820
19 821
16 822
19 823
16 824
19 825
16 826
19 827
16 828
19 829
16 830
19 831
16 832
19 833
16 834
19 835
16 836
19 837
16 838
19 839
16 840
19 841
16 842
19 843
16 844
19 845
16 846
19 847
16 848
19 849
16 850
19 851
16 852
19 853
16 854
19 855
16 856
19 857
16 858
19 859
16 860
19 861
16 862
19 863
16 864
19 865
16 866
19 867
16 868
19 869
16 870
19 871
16 872
19 873
16 874
19 875
16 876
19 877
16 878
19 879
16 880
19 881
16 882
19 883
16 884
19 885
16 886
19 887
16 888
19 889
16 890
19 891
16 892
19 893
16 894
19 895
16 896
19 897
16 898
19 899
16 900
19 901
16 902
19 903
16 904
19 905
16 906
19 907
16 908
19 909
16 910
19 911
16 912
19 913
16 914
19 915
16 916
19 917
16 918
19 919
16 920
19 921
16 922
19 923
16 924
19 925
16 926
19 927
16 928
19 929
16 930
19 931
16 932
19 933
16 934
19 935
16 936
19 937
16 938
19 939
16 940
19 941
16 942
19 943
16 944
19 945
16 946
19 947
16 948
19 949
16 950
19 951
16 952
19 953
16 954
19 955
16 956
19 957
16 958
19 959
16 960
19 961
16 962
19 963
16 964
19 965
16 966
19 967
16 968
19 969
16 970
19 971
16 972
19 973
16 974
19 975
16 976
19 977
16 978
19 979
16 980
19 981
16 982
19 983
16 984
19 985
16 986
19 987
16 988
19 989
16 990
19 991
16 992
19 993
16 994
19 995
16 996
19 997
16 998
19 999
16 1000
19 1001
16 1002
19 1003
16 1004
19 1005
16 1006
19 1007
16 1008
19 1009
16 1010
19 1011
16 1012
19 1013
16 1014
19 1015
16 1016
19 1017
16 1018
19 1019
16 1020
19 1021
16 1022
19 1023
16 1024
19 1025
16 1026
19 1027
16 1028
19 1029
16 1030
19 1031
16 1032
19 1033
16 1034
19 1035
16 1036
19 1037
16 1038
19 1039
16 1040
19 1041
16 1042
19 1043
16 1044
19 1045
16 1046
19 1047
16 1048
19 1049
16 1050
19 1051
16 1052
19 1053
16 1054
19 1055
16 1056
19 1057
16 1058
19 1059
16 1060
19 1061
16 1062
19 1063
17 1064
19 1065
17 1066
19 1067
17 1068
19 1069
17 1070
19 1071
17 1072
19 1073
17 1074
19 1075
17 1076
19 1077
17 1078
19 1079
17 1080
19 1081
17 1082
19 1083
17 1084
19 1085
17 1086
19 1087
17 1088
19 1089
17 1090
19 1091
17 1092
19 1093
17 1094
19 1095
17 1096
19 1097
17 1098
19 1099
17 1100
19 1101
17 1102
19 1103
17 1104
19 1105
17 1106
19 1107
17 1108
19 1109
17 1110
19 1111
17 1112
19 1113
17 1114
19 1115
17 1116
19 1117
17 1118
19 1119
17 1120
19 1121
17 1122
19 1123
17 1124
19 1125
17 1126
19 1127
17 1128
19 1129
17 1130
19 1131
17 1132
19 1133
17 1134
19 1135
17 1136
19 1137
17 1138
19 1139
17 1140
19 1141
17 1142
19 1143
17 1144
19 1145
17 1146
19 1147
17 1148
19 1149
17 1150
19 1151
17 1152
19 1153
17 1154
19 1155
17 1156
19 1157
17 1158
19 1159
17 1160
19 1161
17 1162
19 1163
17 1164
19 1165
17 1166
19 1167
17 1168
19 1169
17 1170
19 1171
17 1172
19 1173
17 1174
19 1175
17 1176
19 1177
17 1178
19 1179
17 1180
19 1181
17 1182
19 1183
17 1184
19 1185
17 1186
19 1187
17 1188
19 1189
17 1190
19 1191
17 1192
19 1193
17 1194
19 1195
17 1196
19 1197
17 1198
19 1199
17 1200
19 1201
17 1202
19 1203
17 1204
19 1205
17 1206
19 1207
17 1208
19 1209
17 1210
19 1211
17 1212
19 1213
17 1214
19 1215
17 1216
19 1217
17 1218
19 1219
17 1220
19 1221
17 1222
19 1223
17 1224
19 1225
17 1226
19 1227
17 1228
19 1229
17 1230
19 1231
17 1232
19 1233
17 1234
19 1235
17 1236
19 1237
17 1238
19 1239
17 1240
19 1241
17 1242
19 1243
17 1244
19 1245
17 1246
19 1247
17 1248
19 1249
17 1250
19 1251
17 1252
19 1253
17 1254
20 1255
17 1256
20 1257
17 1258
20 1259
17 1260
20 1261
17 1262
20 1263
17 1264
20 1265
17 1266
20 1267
17 1268
20 1269
17 1270
20 1271
17 1272
20 1273
17 1274
20 1275
17 1276
20 1277
17 1278
20 1279
17 1280
20 1281
17 1282
20 1283
17 1284
20 1285
17 1286
20 1287
17 1288
20 1289
17 1290
20 1291
17 1292
20 1293
17 1294
20 1295
17 1296
20 1297
17 1298
20 1299
17 1300
20 1301
17 1302
20 1303
17 1304
20 1305
17 1306
20 1307
17 1308
20 1309
17 1310
20 1311
17 1312
20 1313
17 1314
20 1315
17 1316
20 1317
17 1318
20 1319
17 1320
20 1321
17 1322
20 1323
17 1324
20 1325
17 1326
20 1327
17 1328
20 1329
17 1330
20 1331
17 1332
20 1333
17 1334
20 1335
17 1336
20 1337
17 1338
20 1339
17 1340
20 1341
17 1342
20 1343
17 1344
20 1345
17 1346
20 1347
17 1348
20 1349
17 1350
20 1351
17 1352
20 1353
17 1354
20 1355
17 1356
20 1357
17 1358
20 1359
17 1360
20 1361
17 1362
20 1363
17 1364
20 1365
17 1366
20 1367
17 1368
20 1369
17 1370
20 1371
17 1372
20 1373
17 1374
20 1375
17 1376
20 1377
17 1378
20 1379
17 1380
20 1381
17 1382
20 1383
17 1384
20 1385
17 1386
20 1387
17 1388
20 1389
17 1390
20 1391
17 1392
20 1393
17 1394
20 1395
17 1396
20 1397
17 1398
20 1399
17 1400
20 1401
17 1402
20 1403
17 1404
20 1405
17 1406
20 1407
17 1408
20 1409
17 1410
20 1411
17 1412
20 1413
17 1414
20 1415
17 1416
20 1417
17 1418
20 1419
17 1420
20 1421
17 1422
20 1423
17 1424
20 1425
17 1426
20 1427
17 1428
20 1429
17 1430
20 1431
17 1432
20 1433
17 1434
20 1435
17 1436
20 1437
17 1438
20 1439
17 1440
20 1441
17 1442
20 1443
17 1444
20 1445
17 1446
20 1447
17 1448
20 1449
17 1450
20 1451
17 1452
20 1453
17 1454
20 1455
17 1456
20 1457
17 1458
20 1459
17 1460
20 1461
17 1462
20 1463
17 1464
20 1465
17 1466
20 1467
17 1468
20 1469
17 1470
20 1471
17 1472
20 1473
17 1474
20 1475
17 1476
20 1477
17 1478
20 1479
17 1480
20 1481
17 1482
20 1483
17 1484
20 1485
17 1486
20 1487
17 1488
20 1489
17 1490
20 1491
17 1492
20 1493
17 1494
20 1495
17 1496
20 1497
17 1498
20 1499
17 1500
20 1501
17 1502
20 1503
17 1504
20 1505
17 1506
20 1507
17 1508
20 1509
17 1510
20 1511
17 1512
20 1513
17 1514
20 1515
17 1516
20 1517
17 1518
20 1519
17 1520
20 1521
17 1522
20 1523
17 1524
20 1525
17 1526
20 1527
17 1528
20 1529
17 1530
20 1531
17 1532
20 1533
17 1534
20 1535
17 1536
20 1537
17 1538
20 1539
17 1540
20 1541
17 1542
20 1543
17 1544
20 1545
17 1546
20 1547
17 1548
20 1549
17 1550
20 1551
17 1552
20 1553
17 1554
20 1555
17 1556
20 1557
17 1558
20 1559
17 1560
20 1561
17 1562
20 1563
17 1564
20 1565
17 1566
20 1567
17 1568
20 1569
17 1570
20 1571
17 1572
20 1573
17 1574
20 1575
17 1576
20 1577
17 1578
20 1579
17 1580
20 1581
17 1582
20 1583
17 1584
20 1585
17 1586
20 1587
17 1588
20 1589
17 1590
20 1591
17 1592
20 1593
17 1594
20 1595
17 1596
20 1597
17 1598
20 1599
17 1600
20 1601
17 1602
20 1603
17 1604
20 1605
17 1606
20 1607
17 1608
20 1609
17 1610
20 1611
17 1612
20 1613
17 1614
20 1615
17 1616
20 1617
17 1618
20 1619
17 1620
20 1621
17 1622
20 1623
17 1624
20 1625
17 1626
20 1627
17 1628
20 1629
17 1630
20 1631
17 1632
20 1633
17 1634
20 1635
17 1636
20 1637
17 1638
20 1639
17 1640
20 1641
17 1642
20 1643
17 1644
20 1645
17 1646
20 1647
17 1648
20 1649
17 1650
20 1651
17 1652
20 1653
17 1654
20 1655
17 1656
20 1657
17 1658
20 1659
17 1660
20 1661
17 1662
20 1663
17 1664
20 1665
17 1666
20 1667
17 1668
20 1669
17 1670
20 1671
17 1672
20 1673
17 1674
20 1675
17 1676
20 1677
17 1678
20 1679
17 1680
20 1681
17 1682
20 1683
17 1684
20 1685
17 1686
20 1687
17 1688
20 1689
17 1690
20 1691
17 1692
20 1693
17 1694
20 1695
17 1696
20 1697
17 1698
20 1699
17 1700
20 1701
17 1702
20 1703
17 1704
20 1705
17 1706
20 1707
17 1708
20 1709
17 1710
20 1711
17 1712
20 1713
17 1714
20 1715
17 1716
20 1717
17 1718
20 1719
17 1720
20 1721
17 1722
20 1723
17 1724
20 1725
17 1726
20 1727
17 1728
20 1729
17 1730
20 1731
17 1732
20 1733
17 1734
20 1735
17 1736
20 1737
17 1738
20 1739
17 1740
20 1741
17 1742
20 1743
17 1744
20 1745
17 1746
20 1747
17 1748
20 1749
17 1750
20 1751
17 1752
20 1753
17 1754
20 1755
17 1756
20 1757
17 1758
20 1759
17 1760
20 1761
17 1762
20 1763
17 1764
20 1765
17 1766
20 1767
17 1768
20 1769
17 1770
20 1771
18 1772
20 1773
18 1774
20 1775
18 1776
20 1777
18 1778
20 1779
18 1780
20 1781
18 1782
20 1783
18 1784
20 1785
18 1786
20 1787
18 1788
20 1789
18 1790
20 1791
18 1792
20 1793
18 1794
20 1795
18 1796
20 1797
18 1798
20 1799
18 1800
20 1801
18 1802
20 1803
18 1804
20 1805
18 1806
20 1807
18 1808
20 1809
18 1810
20 1811
18 1812
20 1813
18 1814
20 1815
18 1816
20 1817
18 1818
20 1819
18 1820
20 1821
18 1822
20 1823
18 1824
20 1825
18 1826
20 1827
18 1828
20 1829
18 1830
20 1831
18 1832
20 1833
18 1834
20 1835
18 1836
20 1837
18 1838
20 1839
18 1840
20 1841
18 1842
20 1843
18 1844
20 1845
18 1846
20 1847
18 1848
20 1849
18 1850
20 1851
18 1852
20 1853
18 1854
20 1855
18 1856
20 1857
18 1858
20 1859
18 1860
20 1861
18 1862
20 1863
18 1864
20 1865
18 1866
20 1867
18 1868
20 1869
18 1870
20 1871
18 1872
20 1873
18 1874
20 1875
18 1876
20 1877
18 1878
20 1879
18 1880
20 1881
18 1882
20 1883
18 1884
20 1885
18 1886
20 1887
18 1888
20 1889
18 1890
20 1891
18 1892
20 1893
18 1894
20 1895
18 1896
20 1897
18 1898
20 1899
18 1900
20 1901
18 1902
20 1903
18 1904
20 1905
18 1906
20 1907
18 1908
20 1909
18 1910
20 1911
18 1912
20 1913
18 1914
20 1915
18 1916
20 1917
18 1918
20 1919
18 1920
20 1921
18 1922
20 1923
18 1924
20 1925
18 1926
20 1927
18 1928
20 1929
18 1930
20 1931
18 1932
20 1933
18 1934
20 1935
18 1936
20 1937
18 1938
20 1939
18 1940
20 1941
18 1942
20 1943
18 1944
20 1945
18 1946
20 1947
18 1948
20 1949
18 1950
20 1951
18 1952
20 1953
18 1954
20 1955
18 1956
20 1957
18 1958
20 1959
18 1960
20 1961
18 1962
20 1963
18 1964
20 1965
18 1966
20 1967
18 1968
20 1969
18 1970
20 1971
18 1972
20 1973
18 1974
20 1975
18 1976
20 1977
18 1978
20 1979
18 1980
20 1981
18 1982
20 1983
18 1984
20 1985
18 1986
20 1987
18 1988
20 1989
18 1990
20 1991
18 1992
20 1993
18 1994
20 1995
18 1996
20 1997
18 1998
20 1999
18 2000
20 1255
4 1
3 2
3 3
3 4
9 5
6 6
5 7
4 8
10 9
7 10
6 11
5 12
11 13
7 14
6 15
5 16
11 17
8 18
6 19
5 20
11 21
8 22
7 23
6 24
12 25
8 26
7 27
6 28
12 29
8 30
7 31
6 32
12 33
8 34
7 35
6 36
12 37
9 38
7 39
6 40
12 41
9 42
7 43
6 44
12 45
9 46
8 47
7 48
12 49
9 50
8 51
7 52
13 53
9 54
8 55
7 56
13 57
9 58
8 59
7 60
13 61
9 62
8 63
7 64
13 65
9 66
8 67
7 68
13 69
9 70
8 71
7 72
13 73
9 74
8 75
7 76
13 77
9 78
8 79
7 80
13 81
10 82
8 83
7 84
13 85
10 86
8 87
7 88
13 89
10 90
8 91
7 92
13 93
10 94
8 95
7 96
13 97
10 98
8 99
7 100
13 101
10 102
9 103
7 104
13 105
10 106
9 107
8 108
13 109
10 110
9 111
8 112
13 113
10 114
9 115
8 116
13 117
10 118
9 119
8 120
14 121
10 122
9 123
8 124
14 125
10 126
9 127
8 128
14 129
10 130
9 131
8 132
14 133
10 134
9 135
8 136
14 137
10 138
9 139
8 140
14 141
10 142
9 143
8 144
14 145
10 146
9 147
8 148
14 149
10 150
9 151
8 152
14 153
10 154
9 155
8 156
14 157
10 158
9 159
8 160
14 161
10 162
9 163
8 164
14 165
10 166
9 167
8 168
14 169
10 170
9 171
8 172
14 173
10 174
9 175
8 176
14 177
10 178
9 179
8 180
14 181
10 182
9 183
8 184
14 185
11 186
9 187
8 188
14 189
11 190
9 191
8 192
14 193
11 194
9 195
8 196
14 197
11 198
9 199
8 200
14 201
11 202
9 203
8 204
14 205
11 206
9 207
8 208
14 209
11 210
9 211
8 212
14 213
11 214
9 215
8 216
14 217
11 218
9 219
8 220
14 221
11 222
9 223
8 224
14 225
11 226
9 227
8 228
14 229
11 230
9 231
8 232
14 233
11 234
10 235
8 236
14 237
11 238
10 239
8 240
14 241
11 242
10 243
8 244
14 245
11 246
10 247
9 248
14 249
11 250
10 251
9 252
14 253
11 254
10 255
9 256
14 257
11 258
10 259
9 260
14 261
11 262
10 263
9 264
14 265
11 266
10 267
9 268
14 269
11 270
10 271
9 272
14 273
11 274
10 275
9 276
15 277
11 278
10 279
9 280
15 281
11 282
10 283
9 284
15 285
11 286
10 287
9 288
15 289
11 290
10 291
9 292
15 293
11 294
10 295
9 296
15 297
11 298
10 299
9 300
15 301
11 302
10 303
9 304
15 305
11 306
10 307
9 308
15 309
11 310
10 311
9 312
15 313
11 314
10 315
9 316
15 317
11 318
10 319
9 320
15 321
11 322
10 323
9 324
15 325
11 326
10 327
9 328
15 329
11 330
10 331
9 332
15 333
11 334
10 335
9 336
15 337
11 338
10 339
9 340
15 341
11 342
10 343
9 344
15 345
11 346
10 347
9 348
15 349
11 350
10 351
9 352
15 353
11 354
10 355
9 356
15 357
11 358
10 359
9 360
15 361
11 362
10 363
9 364
15 365
11 366
10 367
9 368
15 369
11 370
10 371
9 372
15 373
11 374
10 375
9 376
15 377
11 378
10 379
9 380
15 381
11 382
10 383
9 384
15 385
11 386
10 387
9 388
15 389
11 390
10 391
9 392
15 393
11 394
10 395
9 396
15 397
11 398
10 399
9 400
15 401
11 402
10 403
9 404
15 405
11 406
10 407
9 408
15 409
11 410
10 411
9 412
15 413
11 414
10 415
9 416
15 417
11 418
10 419
9 420
15 421
11 422
10 423
9 424
15 425
11 426
10 427
9 428
15 429
12 430
10 431
9 432
15 433
12 434
10 435
9 436
15 437
12 438
10 439
9 440
15 441
12 442
10 443
9 444
15 445
12 446
10 447
9 448
15 449
12 450
10 451
9 452
15 453
12 454
10 455
9 456
15 457
12 458
10 459
9 460
15 461
12 462
10 463
9 464
15 465
12 466
10 467
9 468
15 469
12 470
10 471
9 472
15 473
12 474
10 475
9 476
15 477
12 478
10 479
9 480
15 481
12 482
10 483
9 484
15 485
12 486
10 487
9 488
15 489
12 490
10 491
9 492
15 493
12 494
10 495
9 496
15 497
12 498
10 499
9 500
15 501
12 502
10 503
9 504
15 505
12 506
10 507
9 508
15 509
12 510
10 511
9 512
15 513
12 514
10 515
9 516
15 517
12 518
10 519
9 520
15 521
12 522
10 523
9 524
15 525
12 526
10 527
9 528
15 529
12 530
10 531
9 532
15 533
12 534
10 535
9 536
15 537
12 538
10 539
9 540
15 541
12 542
11 543
9 544
15 545
12 546
11 547
9 548
15 549
12 550
11 551
9 552
15 553
12 554
11 555
9 556
15 557
12 558
11 559
9 560
15 561
12 562
11 563
9 564
15 565
12 566
11 567
9 568
15 569
12 570
11 571
10 572
15 573
12 574
11 575
10 576
15 577
12 578
11 579
10 580
15 581
12 582
11 583
10 584
15 585
12 586
11 587
10 588
15 589
12 590
11 591
10 592
15 593
12 594
11 595
10 596
15 597
12 598
11 599
10 600
15 601
12 602
11 603
10 604
15 605
12 606
11 607
10 608
15 609
12 610
11 611
10 612
15 613
12 614
11 615
10 616
15 617
12 618
11 619
10 620
15 621
12 622
11 623
10 624
15 625
12 626
11 627
10 628
15 629
12 630
11 631
10 632
15 633
12 634
11 635
10 636
15 637
12 638
11 639
10 640
16 641
12 642
11 643
10 644
16 645
12 646
11 647
10 648
16 649
12 650
11 651
10 652
16 653
12 654
11 655
10 656
16 657
12 658
11 659
10 660
16 661
12 662
11 663
10 664
16 665
12 666
11 667
10 668
16 669
12 670
11 671
10 672
16 673
12 674
11 675
10 676
16 677
12 678
11 679
10 680
16 681
12 682
11 683
10 684
16 685
12 686
11 687
10 688
16 689
12 690
11 691
10 692
16 693
12 694
11 695
10 696
16 697
12 698
11 699
10 700
16 701
12 702
11 703
10 704
16 705
12 706
11 707
10 708
16 709
12 710
11 711
10 712
16 713
12 714
11 715
10 716
16 717
12 718
11 719
10 720
16 721
12 722
11 723
10 724
16 725
12 726
11 727
10 728
16 729
12 730
11 731
10 732
16 733
12 734
11 735
10 736
16 737
12 738
11 739
10 740
16 741
12 742
11 743
10 744
16 745
12 746
11 747
10 748
16 749
12 750
11 751
10 752
16 753
12 754
11 755
10 756
16 757
12 758
11 759
10 760
16 761
12 762
11 763
10 764
16 765
12 766
11 767
10 768
16 769
12 770
11 771
10 772
16 773
12 774
11 775
10 776
16 777
12 778
11 779
10 780
16 781
12 782
11 783
10 784
16 785
12 786
11 787
10 788
16 789
12 790
11 791
10 792
16 793
12 794
11 795
10 796
16 797
12 798
11 799
10 800
16 801
12 802
11 803
10 804
16 805
12 806
11 807
10 808
16 809
12 810
11 811
10 812
16 813
12 814
11 815
10 816
16 817
12 818
11 819
10 820
16 821
12 822
11 823
10 824
16 825
12 826
11 827
10 828
16 829
12 830
11 831
10 832
16 833
12 834
11 835
10 836
16 837
12 838
11 839
10 840
16 841
12 842
11 843
10 844
16 845
12 846
11 847
10 848
16 849
12 850
11 851
10 852
16 853
12 854
11 855
10 856
16 857
12 858
11 859
10 860
16 861
12 862
11 863
10 864
16 865
12 866
11 867
10 868
16 869
12 870
11 871
10 872
16 873
12 874
11 875
10 876
16 877
12 878
11 879
10 880
16 881
12 882
11 883
10 884
16 885
12 886
11 887
10 888
16 889
12 890
11 891
10 892
16 893
12 894
11 895
10 896
16 897
12 898
11 899
10 900
16 901
12 902
11 903
10 904
16 905
12 906
11 907
10 908
16 909
12 910
11 911
10 912
16 913
12 914
11 915
10 916
16 917
12 918
11 919
10 920
16 921
12 922
11 923
10 924
16 925
12 926
11 927
10 928
16 929
12 930
11 931
10 932
16 933
12 934
11 935
10 936
16 937
12 938
11 939
10 940
16 941
12 942
11 943
10 944
16 945
12 946
11 947
10 948
16 949
12 950
11 951
10 952
16 953
12 954
11 955
10 956
16 957
12 958
11 959
10 960
16 961
12 962
11 963
10 964
16 965
12 966
11 967
10 968
16 969
12 970
11 971
10 972
16 973
12 974
11 975
10 976
16 977
12 978
11 979
10 980
16 981
12 982
11 983
10 984
16 985
12 986
11 987
10 988
16 989
12 990
11 991
10 992
16 993
12 994
11 995
10 996
16 997
13 998
11 999
10 1000
16 1001
13 1002
11 1003
10 1004
16 1005
13 1006
11 1007
10 1008
16 1009
13 1010
11 1011
10 1012
16 1013
13 1014
11 1015
10 1016
16 1017
13 1018
11 1019
10 1020
16 1021
13 1022
11 1023
10 1024
16 1025
13 1026
11 1027
10 1028
16 1029
13 1030
11 1031
10 1032
16 1033
13 1034
11 1035
10 1036
16 1037
13 1038
11 1039
10 1040
16 1041
13 1042
11 1043
10 1044
16 1045
13 1046
11 1047
10 1048
16 1049
13 1050
11 1051
10 1052
16 1053
13 1054
11 1055
10 1056
16 1057
13 1058
11 1059
10 1060
16 1061
13 1062
11 1063
10 1064
16 1065
13 1066
11 1067
10 1068
16 1069
13 1070
11 1071
10 1072
16 1073
13 1074
11 1075
10 1076
16 1077
13 1078
11 1079
10 1080
16 1081
13 1082
11 1083
10 1084
16 1085
13 1086
11 1087
10 1088
16 1089
13 1090
11 1091
10 1092
16 1093
13 1094
11 1095
10 1096
16 1097
13 1098
11 1099
10 1100
16 1101
13 1102
11 1103
10 1104
16 1105
13 1106
11 1107
10 1108
16 1109
13 1110
11 1111
10 1112
16 1113
13 1114
11 1115
10 1116
16 1117
13 1118
11 1119
10 1120
16 1121
13 1122
11 1123
10 1124
16 1125
13 1126
11 1127
10 1128
16 1129
13 1130
11 1131
10 1132
16 1133
13 1134
11 1135
10 1136
16 1137
13 1138
11 1139
10 1140
16 1141
13 1142
11 1143
10 1144
16 1145
13 1146
11 1147
10 1148
16 1149
13 1150
11 1151
10 1152
16 1153
13 1154
11 1155
10 1156
16 1157
13 1158
11 1159
10 1160
16 1161
13 1162
11 1163
10 1164
16 1165
13 1166
11 1167
10 1168
16 1169
13 1170
11 1171
10 1172
16 1173
13 1174
11 1175
10 1176
16 1177
13 1178
11 1179
10 1180
16 1181
13 1182
11 1183
10 1184
16 1185
13 1186
11 1187
10 1188
16 1189
13 1190
11 1191
10 1192
16 1193
13 1194
11 1195
10 1196
16 1197
13 1198
11 1199
10 1200
16 1201
13 1202
11 1203
10 1204
16 1205
13 1206
11 1207
10 1208
16 1209
13 1210
11 1211
10 1212
16 1213
13 1214
11 1215
10 1216
16 1217
13 1218
11 1219
10 1220
16 1221
13 1222
11 1223
10 1224
16 1225
13 1226
11 1227
10 1228
16 1229
13 1230
11 1231
10 1232
16 1233
13 1234
11 1235
10 1236
16 1237
13 1238
11 1239
10 1240
16 1241
13 1242
11 1243
10 1244
16 1245
13 1246
11 1247
10 1248
16 1249
13 1250
11 1251
10 1252
16 1253
13 1254
11 1255
10 1256
16 1257
13 1258
11 1259
10 1260
16 1261
13 1262
12 1263
10 1264
16 1265
13 1266
12 1267
10 1268
16 1269
13 1270
12 1271
10 1272
16 1273
13 1274
12 1275
10 1276
16 1277
13 1278
12 1279
10 1280
16 1281
13 1282
12 1283
10 1284
16 1285
13 1286
12 1287
10 1288
16 1289
13 1290
12 1291
10 1292
16 1293
13 1294
12 1295
10 1296
16 1297
13 1298
12 1299
10 1300
16 1301
13 1302
12 1303
10 1304
16 1305
13 1306
12 1307
10 1308
16 1309
13 1310
12 1311
10 1312
16 1313
13 1314
12 1315
10 1316
16 1317
13 1318
12 1319
10 1320
16 1321
13 1322
12 1323
10 1324
16 1325
13 1326
12 1327
11 1328
16 1329
13 1330
12 1331
11 1332
16 1333
13 1334
12 1335
11 1336
16 1337
13 1338
12 1339
11 1340
16 1341
13 1342
12 1343
11 1344
16 1345
13 1346
12 1347
11 1348
16 1349
13 1350
12 1351
11 1352
16 1353
13 1354
12 1355
11 1356
16 1357
13 1358
12 1359
11 1360
16 1361
13 1362
12 1363
11 1364
16 1365
13 1366
12 1367
11 1368
16 1369
13 1370
12 1371
11 1372
16 1373
13 1374
12 1375
11 1376
16 1377
13 1378
12 1379
11 1380
16 1381
13 1382
12 1383
11 1384
16 1385
13 1386
12 1387
11 1388
16 1389
13 1390
12 1391
11 1392
16 1393
13 1394
12 1395
11 1396
16 1397
13 1398
12 1399
11 1400
16 1401
13 1402
12 1403
11 1404
16 1405
13 1406
12 1407
11 1408
16 1409
13 1410
12 1411
11 1412
16 1413
13 1414
12 1415
11 1416
16 1417
13 1418
12 1419
11 1420
16 1421
13 1422
12 1423
11 1424
16 1425
13 1426
12 1427
11 1428
16 1429
13 1430
12 1431
11 1432
16 1433
13 1434
12 1435
11 1436
16 1437
13 1438
12 1439
11 1440
16 1441
13 1442
12 1443
11 1444
16 1445
13 1446
12 1447
11 1448
16 1449
13 1450
12 1451
11 1452
16 1453
13 1454
12 1455
11 1456
16 1457
13 1458
12 1459
11 1460
16 1461
13 1462
12 1463
11 1464
16 1465
13 1466
12 1467
11 1468
16 1469
13 1470
12 1471
11 1472
16 1473
13 1474
12 1475
11 1476
16 1477
13 1478
12 1479
11 1480
16 1481
13 1482
12 1483
11 1484
16 1485
13 1486
12 1487
11 1488
17 1489
13 1490
12 1491
11 1492
17 1493
13 1494
12 1495
11 1496
17 1497
13 1498
12 1499
11 1500
17 1501
13 1502
12 1503
11 1504
17 1505
13 1506
12 1507
11 1508
17 1509
13 1510
12 1511
11 1512
17 1513
13 1514
12 1515
11 1516
17 1517
13 1518
12 1519
11 1520
17 1521
13 1522
12 1523
11 1524
17 1525
13 1526
12 1527
11 1528
17 1529
13 1530
12 1531
11 1532
17 1533
13 1534
12 1535
11 1536
17 1537
13 1538
12 1539
11 1540
17 1541
13 1542
12 1543
11 1544
17 1545
13 1546
12 1547
11 1548
17 1549
13 1550
12 1551
11 1552
17 1553
13 1554
12 1555
11 1556
17 1557
13 1558
12 1559
11 1560
17 1561
13 1562
12 1563
11 1564
17 1565
13 1566
12 1567
11 1568
17 1569
13 1570
12 1571
11 1572
17 1573
13 1574
12 1575
11 1576
17 1577
13 1578
12 1579
11 1580
17 1581
13 1582
12 1583
11 1584
17 1585
13 1586
12 1587
11 1588
17 1589
13 1590
12 1591
11 1592
17 1593
13 1594
12 1595
11 1596
17 1597
13 1598
12 1599
11 1600
17 1601
13 1602
12 1603
11 1604
17 1605
13 1606
12 1607
11 1608
17 1609
13 1610
12 1611
11 1612
17 1613
13 1614
12 1615
11 1616
17 1617
13 1618
12 1619
11 1620
17 1621
13 1622
12 1623
11 1624
17 1625
13 1626
12 1627
11 1628
17 1629
13 1630
12 1631
11 1632
17 1633
13 1634
12 1635
11 1636
17 1637
13 1638
12 1639
11 1640
17 1641
13 1642
12 1643
11 1644
17 1645
13 1646
12 1647
11 1648
17 1649
13 1650
12 1651
11 1652
17 1653
13 1654
12 1655
11 1656
17 1657
13 1658
12 1659
11 1660
17 1661
13 1662
12 1663
11 1664
17 1665
13 1666
12 1667
11 1668
17 1669
13 1670
12 1671
11 1672
17 1673
13 1674
12 1675
11 1676
17 1677
13 1678
12 1679
11 1680
17 1681
13 1682
12 1683
11 1684
17 1685
13 1686
12 1687
11 1688
17 1689
13 1690
12 1691
11 1692
17 1693
13 1694
12 1695
11 1696
17 1697
13 1698
12 1699
11 1700
17 1701
13 1702
12 1703
11 1704
17 1705
13 1706
12 1707
11 1708
17 1709
13 1710
12 1711
11 1712
17 1713
13 1714
12 1715
11 1716
17 1717
13 1718
12 1719
11 1720
17 1721
13 1722
12 1723
11 1724
17 1725
13 1726
12 1727
11 1728
17 1729
13 1730
12 1731
11 1732
17 1733
13 1734
12 1735
11 1736
17 1737
13 1738
12 1739
11 1740
17 1741
13 1742
12 1743
11 1744
17 1745
13 1746
12 1747
11 1748
17 1749
13 1750
12 1751
11 1752
17 1753
13 1754
12 1755
11 1756
17 1757
13 1758
12 1759
11 1760
17 1761
13 1762
12 1763
11 1764
17 1765
13 1766
12 1767
11 1768
17 1769
13 1770
12 1771
11 1772
17 1773
13 1774
12 1775
11 1776
17 1777
13 1778
12 1779
11 1780
17 1781
13 1782
12 1783
11 1784
17 1785
13 1786
12 1787
11 1788
17 1789
13 1790
12 1791
11 1792
17 1793
13 1794
12 1795
11 1796
17 1797
13 1798
12 1799
11 1800
17 1801
13 1802
12 1803
11 1804
17 1805
13 1806
12 1807
11 1808
17 1809
13 1810
12 1811
11 1812
17 1813
13 1814
12 1815
11 1816
17 1817
13 1818
12 1819
11 1820
17 1821
13 1822
12 1823
11 1824
17 1825
13 1826
12 1827
11 1828
17 1829
13 1830
12 1831
11 1832
17 1833
13 1834
12 1835
11 1836
17 1837
13 1838
12 1839
11 1840
17 1841
13 1842
12 1843
11 1844
17 1845
13 1846
12 1847
11 1848
17 1849
13 1850
12 1851
11 1852
17 1853
13 1854
12 1855
11 1856
17 1857
13 1858
12 1859
11 1860
17 1861
13 1862
12 1863
11 1864
17 1865
13 1866
12 1867
11 1868
17 1869
13 1870
12 1871
11 1872
17 1873
13 1874
12 1875
11 1876
17 1877
13 1878
12 1879
11 1880
17 1881
13 1882
12 1883
11 1884
17 1885
13 1886
12 1887
11 1888
17 1889
13 1890
12 1891
11 1892
17 1893
13 1894
12 1895
11 1896
17 1897
13 1898
12 1899
11 1900
17 1901
13 1902
12 1903
11 1904
17 1905
13 1906
12 1907
11 1908
17 1909
13 1910
12 1911
11 1912
17 1913
13 1914
12 1915
11 1916
17 1917
13 1918
12 1919
11 1920
17 1921
13 1922
12 1923
11 1924
17 1925
13 1926
12 1927
11 1928
17 1929
13 1930
12 1931
11 1932
17 1933
13 1934
12 1935
11 1936
17 1937
13 1938
12 1939
11 1940
17 1941
13 1942
12 1943
11 1944
17 1945
13 1946
12 1947
11 1948
17 1949
13 1950
12 1951
11 1952
17 1953
13 1954
12 1955
11 1956
17 1957
13 1958
12 1959
11 1960
17 1961
13 1962
12 1963
11 1964
17 1965
13 1966
12 1967
11 1968
17 1969
13 1970
12 1971
11 1972
17 1973
13 1974
12 1975
11 1976
17 1977
13 1978
12 1979
11 1980
17 1981
13 1982
12 1983
11 1984
17 1985
13 1986
12 1987
11 1988
17 1989
13 1990
12 1991
11 1992
17 1993
13 1994
12 1995
11 1996
17 1997
13 1998
12 1999
11 2000
17 1489
