9 1
9 2
9 3
9 4
10 5
10 6
10 7
10 8
10 9
11 10
11 11
11 12
11 13
11 14
11 15
11 16
11 17
11 18
11 19
11 20
11 21
12 22
12 23
12 24
12 25
12 26
12 27
12 28
12 29
12 30
12 31
12 32
12 33
12 34
12 35
12 36
12 37
12 38
12 39
12 40
12 41
12 42
12 43
12 44
12 45
12 46
12 47
12 48
12 49
13 50
13 51
13 52
13 53
13 54
13 55
13 56
13 57
13 58
13 59
13 60
13 61
13 62
13 63
13 64
13 65
13 66
13 67
13 68
13 69
13 70
13 71
13 72
13 73
13 74
13 75
13 76
13 77
13 78
13 79
13 80
13 81
13 82
13 83
13 84
13 85
13 86
13 87
13 88
13 89
13 90
13 91
13 92
13 93
13 94
13 95
13 96
13 97
13 98
13 99
13 100
13 101
13 102
13 103
13 104
13 105
13 106
13 107
13 108
13 109
13 110
13 111
13 112
13 113
13 114
14 115
14 116
14 117
14 118
14 119
14 120
14 121
14 122
14 123
14 124
14 125
14 126
14 127
14 128
14 129
14 130
14 131
14 132
14 133
14 134
14 135
14 136
14 137
14 138
14 139
14 140
14 141
14 142
14 143
14 144
14 145
14 146
14 147
14 148
14 149
14 150
14 151
14 152
14 153
14 154
14 155
14 156
14 157
14 158
14 159
14 160
14 161
14 162
14 163
14 164
14 165
14 166
14 167
14 168
14 169
14 170
14 171
14 172
14 173
14 174
14 175
14 176
14 177
14 178
14 179
14 180
14 181
14 182
14 183
14 184
14 185
14 186
14 187
14 188
14 189
14 190
14 191
14 192
14 193
14 194
14 195
14 196
14 197
14 198
14 199
14 200
14 201
14 202
14 203
14 204
14 205
14 206
14 207
14 208
14 209
14 210
14 211
14 212
14 213
14 214
14 215
14 216
14 217
14 218
14 219
14 220
14 221
14 222
14 223
14 224
14 225
14 226
14 227
14 228
14 229
14 230
14 231
14 232
14 233
14 234
14 235
14 236
14 237
14 238
14 239
14 240
14 241
14 242
14 243
14 244
14 245
14 246
14 247
14 248
14 249
14 250
14 251
14 252
14 253
14 254
14 255
14 256
14 257
14 258
14 259
14 260
14 261
14 262
14 263
14 264
14 265
14 266
15 267
15 268
15 269
15 270
15 271
15 272
15 273
15 274
15 275
15 276
15 277
15 278
15 279
15 280
15 281
15 282
15 283
15 284
15 285
15 286
15 287
15 288
15 289
15 290
15 291
15 292
15 293
15 294
15 295
15 296
15 297
15 298
15 299
15 300
15 301
15 302
15 303
15 304
15 305
15 306
15 307
15 308
15 309
15 310
15 311
15 312
15 313
15 314
15 315
15 316
15 317
15 318
15 319
15 320
15 321
15 322
15 323
15 324
15 325
15 326
15 327
15 328
15 329
15 330
15 331
15 332
15 333
15 334
15 335
15 336
15 337
15 338
15 339
15 340
15 341
15 342
15 343
15 344
15 345
15 346
15 347
15 348
15 349
15 350
15 351
15 352
15 353
15 354
15 355
15 356
15 357
15 358
15 359
15 360
15 361
15 362
15 363
15 364
15 365
15 366
15 367
15 368
15 369
15 370
15 371
15 372
15 373
15 374
15 375
15 376
15 377
15 378
15 379
15 380
15 381
15 382
15 383
15 384
15 385
15 386
15 387
15 388
15 389
15 390
15 391
15 392
15 393
15 394
15 395
15 396
15 397
15 398
15 399
15 400
15 401
15 402
15 403
15 404
15 405
15 406
15 407
15 408
15 409
15 410
15 411
15 412
15 413
15 414
15 415
15 416
15 417
15 418
15 419
15 420
15 421
15 422
15 423
15 424
15 425
15 426
15 427
15 428
15 429
15 430
15 431
15 432
15 433
15 434
15 435
15 436
15 437
15 438
15 439
15 440
15 441
15 442
15 443
15 444
15 445
15 446
15 447
15 448
15 449
15 450
15 451
15 452
15 453
15 454
15 455
15 456
15 457
15 458
15 459
15 460
15 461
15 462
15 463
15 464
15 465
15 466
15 467
15 468
15 469
15 470
15 471
15 472
15 473
15 474
15 475
15 476
15 477
15 478
15 479
15 480
15 481
15 482
15 483
15 484
15 485
15 486
15 487
15 488
15 489
15 490
15 491
15 492
15 493
15 494
15 495
15 496
15 497
15 498
15 499
15 500
15 501
15 502
15 503
15 504
15 505
15 506
15 507
15 508
15 509
15 510
15 511
15 512
15 513
15 514
15 515
15 516
15 517
15 518
15 519
15 520
15 521
15 522
15 523
15 524
15 525
15 526
15 527
15 528
15 529
15 530
15 531
15 532
15 533
15 534
15 535
15 536
15 537
15 538
15 539
15 540
15 541
15 542
15 543
15 544
15 545
15 546
15 547
15 548
15 549
15 550
15 551
15 552
15 553
15 554
15 555
15 556
15 557
15 558
15 559
15 560
15 561
15 562
15 563
15 564
15 565
15 566
15 567
15 568
15 569
15 570
15 571
15 572
15 573
15 574
15 575
15 576
15 577
15 578
15 579
15 580
15 581
15 582
15 583
15 584
15 585
15 586
15 587
15 588
15 589
15 590
15 591
15 592
15 593
15 594
15 595
15 596
15 597
15 598
15 599
15 600
15 601
15 602
15 603
15 604
15 605
15 606
15 607
15 608
15 609
15 610
15 611
15 612
15 613
15 614
15 615
15 616
15 617
15 618
15 619
15 620
16 621
16 622
16 623
16 624
16 625
16 626
16 627
16 628
16 629
16 630
16 631
16 632
16 633
16 634
16 635
16 636
16 637
16 638
16 639
16 640
16 641
16 642
16 643
16 644
16 645
16 646
16 647
16 648
16 649
16 650
16 651
16 652
16 653
16 654
16 655
16 656
16 657
16 658
16 659
16 660
16 661
16 662
16 663
16 664
16 665
16 666
16 667
16 668
16 669
16 670
16 671
16 672
16 673
16 674
16 675
16 676
16 677
16 678
16 679
16 680
16 681
16 682
16 683
16 684
16 685
16 686
16 687
16 688
16 689
16 690
16 691
16 692
16 693
16 694
16 695
16 696
16 697
16 698
16 699
16 700
16 701
16 702
16 703
16 704
16 705
16 706
16 707
16 708
16 709
16 710
16 711
16 712
16 713
16 714
16 715
16 716
16 717
16 718
16 719
16 720
16 721
16 722
16 723
16 724
16 725
16 726
16 727
16 728
16 729
16 730
16 731
16 732
16 733
16 734
16 735
16 736
16 737
16 738
16 739
16 740
16 741
16 742
16 743
16 744
16 745
16 746
16 747
16 748
16 749
16 750
16 751
16 752
16 753
16 754
16 755
16 756
16 757
16 758
16 759
16 760
16 761
16 762
16 763
16 764
16 765
16 766
16 767
16 768
16 769
16 770
16 771
16 772
16 773
16 774
16 775
16 776
16 777
16 778
16 779
16 780
16 781
16 782
16 783
16 784
16 785
16 786
16 787
16 788
16 789
16 790
16 791
16 792
16 793
16 794
16 795
16 796
16 797
16 798
16 799
16 800
16 801
16 802
16 803
16 804
16 805
16 806
16 807
16 808
16 809
16 810
16 811
16 812
16 813
16 814
16 815
16 816
16 817
16 818
16 819
16 820
16 821
16 822
16 823
16 824
16 825
16 826
16 827
16 828
16 829
16 830
16 831
16 832
16 833
16 834
16 835
16 836
16 837
16 838
16 839
16 840
16 841
16 842
16 843
16 844
16 845
16 846
16 847
16 848
16 849
16 850
16 851
16 852
16 853
16 854
16 855
16 856
16 857
16 858
16 859
16 860
16 861
16 862
16 863
16 864
16 865
16 866
16 867
16 868
16 869
16 870
16 871
16 872
16 873
16 874
16 875
16 876
16 877
16 878
16 879
16 880
16 881
16 882
16 883
16 884
16 885
16 886
16 887
16 888
16 889
16 890
16 891
16 892
16 893
16 894
16 895
16 896
16 897
16 898
16 899
16 900
16 901
16 902
16 903
16 904
16 905
16 906
16 907
16 908
16 909
16 910
16 911
16 912
16 913
16 914
16 915
16 916
16 917
16 918
16 919
16 920
16 921
16 922
16 923
16 924
16 925
16 926
16 927
16 928
16 929
16 930
16 931
16 932
16 933
16 934
16 935
16 936
16 937
16 938
16 939
16 940
16 941
16 942
16 943
16 944
16 945
16 946
16 947
16 948
16 949
16 950
16 951
16 952
16 953
16 954
16 955
16 956
16 957
16 958
16 959
16 960
16 961
16 962
16 963
16 964
16 965
16 966
16 967
16 968
16 969
16 970
16 971
16 972
16 973
16 974
16 975
16 976
16 977
16 978
16 979
16 980
16 981
16 982
16 983
16 984
16 985
16 986
16 987
16 988
16 989
16 990
16 991
16 992
16 993
16 994
16 995
16 996
16 997
16 998
16 999
16 1000
16 1001
16 1002
16 1003
16 1004
16 1005
16 1006
16 1007
16 1008
16 1009
16 1010
16 1011
16 1012
16 1013
16 1014
16 1015
16 1016
16 1017
16 1018
16 1019
16 1020
16 1021
16 1022
16 1023
16 1024
16 1025
16 1026
16 1027
16 1028
16 1029
16 1030
16 1031
16 1032
16 1033
16 1034
16 1035
16 1036
16 1037
16 1038
16 1039
16 1040
16 1041
16 1042
16 1043
16 1044
16 1045
16 1046
16 1047
16 1048
16 1049
16 1050
16 1051
16 1052
16 1053
16 1054
16 1055
16 1056
16 1057
16 1058
16 1059
16 1060
16 1061
16 1062
16 1063
16 1064
16 1065
16 1066
16 1067
16 1068
16 1069
16 1070
16 1071
16 1072
16 1073
16 1074
16 1075
16 1076
16 1077
16 1078
16 1079
16 1080
16 1081
16 1082
16 1083
16 1084
16 1085
16 1086
16 1087
16 1088
16 1089
16 1090
16 1091
16 1092
16 1093
16 1094
16 1095
16 1096
16 1097
16 1098
16 1099
16 1100
16 1101
16 1102
16 1103
16 1104
16 1105
16 1106
16 1107
16 1108
16 1109
16 1110
16 1111
16 1112
16 1113
16 1114
16 1115
16 1116
16 1117
16 1118
16 1119
16 1120
16 1121
16 1122
16 1123
16 1124
16 1125
16 1126
16 1127
16 1128
16 1129
16 1130
16 1131
16 1132
16 1133
16 1134
16 1135
16 1136
16 1137
16 1138
16 1139
16 1140
16 1141
16 1142
16 1143
16 1144
16 1145
16 1146
16 1147
16 1148
16 1149
16 1150
16 1151
16 1152
16 1153
16 1154
16 1155
16 1156
16 1157
16 1158
16 1159
16 1160
16 1161
16 1162
16 1163
16 1164
16 1165
16 1166
16 1167
16 1168
16 1169
16 1170
16 1171
16 1172
16 1173
16 1174
16 1175
16 1176
16 1177
16 1178
16 1179
16 1180
16 1181
16 1182
16 1183
16 1184
16 1185
16 1186
16 1187
16 1188
16 1189
16 1190
16 1191
16 1192
16 1193
16 1194
16 1195
16 1196
16 1197
16 1198
16 1199
16 1200
16 1201
16 1202
16 1203
16 1204
16 1205
16 1206
16 1207
16 1208
16 1209
16 1210
16 1211
16 1212
16 1213
16 1214
16 1215
16 1216
16 1217
16 1218
16 1219
16 1220
16 1221
16 1222
16 1223
16 1224
16 1225
16 1226
16 1227
16 1228
16 1229
16 1230
16 1231
16 1232
16 1233
16 1234
16 1235
16 1236
16 1237
16 1238
16 1239
16 1240
16 1241
16 1242
16 1243
16 1244
16 1245
16 1246
16 1247
16 1248
16 1249
16 1250
16 1251
16 1252
16 1253
16 1254
16 1255
16 1256
16 1257
16 1258
16 1259
16 1260
16 1261
16 1262
16 1263
16 1264
16 1265
16 1266
16 1267
16 1268
16 1269
16 1270
16 1271
16 1272
16 1273
16 1274
16 1275
16 1276
16 1277
16 1278
16 1279
16 1280
16 1281
16 1282
16 1283
16 1284
16 1285
16 1286
16 1287
16 1288
16 1289
16 1290
16 1291
16 1292
16 1293
16 1294
16 1295
16 1296
16 1297
16 1298
16 1299
16 1300
16 1301
16 1302
16 1303
16 1304
16 1305
16 1306
16 1307
16 1308
16 1309
16 1310
16 1311
16 1312
16 1313
16 1314
16 1315
16 1316
16 1317
16 1318
16 1319
16 1320
16 1321
16 1322
16 1323
16 1324
16 1325
16 1326
16 1327
16 1328
16 1329
16 1330
16 1331
16 1332
16 1333
16 1334
16 1335
16 1336
16 1337
16 1338
16 1339
16 1340
16 1341
16 1342
16 1343
16 1344
16 1345
16 1346
16 1347
16 1348
16 1349
16 1350
16 1351
16 1352
16 1353
16 1354
16 1355
16 1356
16 1357
16 1358
16 1359
16 1360
16 1361
16 1362
16 1363
16 1364
16 1365
16 1366
16 1367
16 1368
16 1369
16 1370
16 1371
16 1372
16 1373
16 1374
16 1375
16 1376
16 1377
16 1378
16 1379
16 1380
16 1381
16 1382
16 1383
16 1384
16 1385
16 1386
16 1387
16 1388
16 1389
16 1390
16 1391
16 1392
16 1393
16 1394
16 1395
16 1396
16 1397
16 1398
16 1399
16 1400
16 1401
16 1402
16 1403
16 1404
16 1405
16 1406
16 1407
16 1408
16 1409
16 1410
16 1411
16 1412
16 1413
16 1414
16 1415
16 1416
16 1417
16 1418
16 1419
16 1420
16 1421
16 1422
16 1423
16 1424
16 1425
16 1426
16 1427
16 1428
16 1429
16 1430
16 1431
16 1432
16 1433
16 1434
16 1435
16 1436
16 1437
16 1438
16 1439
16 1440
16 1441
16 1442
16 1443
16 1444
16 1445
16 1446
17 1447
17 1448
17 1449
17 1450
17 1451
17 1452
17 1453
17 1454
17 1455
17 1456
17 1457
17 1458
17 1459
17 1460
17 1461
17 1462
17 1463
17 1464
17 1465
17 1466
17 1467
17 1468
17 1469
17 1470
17 1471
17 1472
17 1473
17 1474
17 1475
17 1476
17 1477
17 1478
17 1479
17 1480
17 1481
17 1482
17 1483
17 1484
17 1485
17 1486
17 1487
17 1488
17 1489
17 1490
17 1491
17 1492
17 1493
17 1494
17 1495
17 1496
17 1497
17 1498
17 1499
17 1500
17 1501
17 1502
17 1503
17 1504
17 1505
17 1506
17 1507
17 1508
17 1509
17 1510
17 1511
17 1512
17 1513
17 1514
17 1515
17 1516
17 1517
17 1518
17 1519
17 1520
17 1521
17 1522
17 1523
17 1524
17 1525
17 1526
17 1527
17 1528
17 1529
17 1530
17 1531
17 1532
17 1533
17 1534
17 1535
17 1536
17 1537
17 1538
17 1539
17 1540
17 1541
17 1542
17 1543
17 1544
17 1545
17 1546
17 1547
17 1548
17 1549
17 1550
17 1551
17 1552
17 1553
17 1554
17 1555
17 1556
17 1557
17 1558
17 1559
17 1560
17 1561
17 1562
17 1563
17 1564
17 1565
17 1566
17 1567
17 1568
17 1569
17 1570
17 1571
17 1572
17 1573
17 1574
17 1575
17 1576
17 1577
17 1578
17 1579
17 1580
17 1581
17 1582
17 1583
17 1584
17 1585
17 1586
17 1587
17 1588
17 1589
17 1590
17 1591
17 1592
17 1593
17 1594
17 1595
17 1596
17 1597
17 1598
17 1599
17 1600
17 1601
17 1602
17 1603
17 1604
17 1605
17 1606
17 1607
17 1608
17 1609
17 1610
17 1611
17 1612
17 1613
17 1614
17 1615
17 1616
17 1617
17 1618
17 1619
17 1620
17 1621
17 1622
17 1623
17 1624
17 1625
17 1626
17 1627
17 1628
17 1629
17 1630
17 1631
17 1632
17 1633
17 1634
17 1635
17 1636
17 1637
17 1638
17 1639
17 1640
17 1641
17 1642
17 1643
17 1644
17 1645
17 1646
17 1647
17 1648
17 1649
17 1650
17 1651
17 1652
17 1653
17 1654
17 1655
17 1656
17 1657
17 1658
17 1659
17 1660
17 1661
17 1662
17 1663
17 1664
17 1665
17 1666
17 1667
17 1668
17 1669
17 1670
17 1671
17 1672
17 1673
17 1674
17 1675
17 1676
17 1677
17 1678
17 1679
17 1680
17 1681
17 1682
17 1683
17 1684
17 1685
17 1686
17 1687
17 1688
17 1689
17 1690
17 1691
17 1692
17 1693
17 1694
17 1695
17 1696
17 1697
17 1698
17 1699
17 1700
17 1701
17 1702
17 1703
17 1704
17 1705
17 1706
17 1707
17 1708
17 1709
17 1710
17 1711
17 1712
17 1713
17 1714
17 1715
17 1716
17 1717
17 1718
17 1719
17 1720
17 1721
17 1722
17 1723
17 1724
17 1725
17 1726
17 1727
17 1728
17 1729
17 1730
17 1731
17 1732
17 1733
17 1734
17 1735
17 1736
17 1737
17 1738
17 1739
17 1740
17 1741
17 1742
17 1743
17 1744
17 1745
17 1746
17 1747
17 1748
17 1749
17 1750
17 1751
17 1752
17 1753
17 1754
17 1755
17 1756
17 1757
17 1758
17 1759
17 1760
17 1761
17 1762
17 1763
17 1764
17 1765
17 1766
17 1767
17 1768
17 1769
17 1770
17 1771
17 1772
17 1773
17 1774
17 1775
17 1776
17 1777
17 1778
17 1779
17 1780
17 1781
17 1782
17 1783
17 1784
17 1785
17 1786
17 1787
17 1788
17 1789
17 1790
17 1791
17 1792
17 1793
17 1794
17 1795
17 1796
17 1797
17 1798
17 1799
17 1800
17 1801
17 1802
17 1803
17 1804
17 1805
17 1806
17 1807
17 1808
17 1809
17 1810
17 1811
17 1812
17 1813
17 1814
17 1815
17 1816
17 1817
17 1818
17 1819
17 1820
17 1821
17 1822
17 1823
17 1824
17 1825
17 1826
17 1827
17 1828
17 1829
17 1830
17 1831
17 1832
17 1833
17 1834
17 1835
17 1836
17 1837
17 1838
17 1839
17 1840
17 1841
17 1842
17 1843
17 1844
17 1845
17 1846
17 1847
17 1848
17 1849
17 1850
17 1851
17 1852
17 1853
17 1854
17 1855
17 1856
17 1857
17 1858
17 1859
17 1860
17 1861
17 1862
17 1863
17 1864
17 1865
17 1866
17 1867
17 1868
17 1869
17 1870
17 1871
17 1872
17 1873
17 1874
17 1875
17 1876
17 1877
17 1878
17 1879
17 1880
17 1881
17 1882
17 1883
17 1884
17 1885
17 1886
17 1887
17 1888
17 1889
17 1890
17 1891
17 1892
17 1893
17 1894
17 1895
17 1896
17 1897
17 1898
17 1899
17 1900
17 1901
17 1902
17 1903
17 1904
17 1905
17 1906
17 1907
17 1908
17 1909
17 1910
17 1911
17 1912
17 1913
17 1914
17 1915
17 1916
17 1917
17 1918
17 1919
17 1920
17 1921
17 1922
17 1923
17 1924
17 1925
17 1926
17 1927
17 1928
17 1929
17 1930
17 1931
17 1932
17 1933
17 1934
17 1935
17 1936
17 1937
17 1938
17 1939
17 1940
17 1941
17 1942
17 1943
17 1944
17 1945
17 1946
17 1947
17 1948
17 1949
17 1950
17 1951
17 1952
17 1953
17 1954
17 1955
17 1956
17 1957
17 1958
17 1959
17 1960
17 1961
17 1962
17 1963
17 1964
17 1965
17 1966
17 1967
17 1968
17 1969
17 1970
17 1971
17 1972
17 1973
17 1974
17 1975
17 1976
17 1977
17 1978
17 1979
17 1980
17 1981
17 1982
17 1983
17 1984
17 1985
17 1986
17 1987
17 1988
17 1989
17 1990
17 1991
17 1992
17 1993
17 1994
17 1995
17 1996
17 1997
17 1998
17 1999
17 2000
17 2000
