4 1
7 2
9 3
10 4
11 5
11 6
12 7
12 8
13 9
13 10
13 11
14 12
14 13
14 14
14 15
15 16
15 17
15 18
15 19
15 20
15 21
16 22
16 23
16 24
16 25
16 26
16 27
16 28
17 29
17 30
17 31
17 32
17 33
17 34
17 35
17 36
17 37
17 38
18 39
18 40
18 41
18 42
18 43
18 44
18 45
18 46
18 47
18 48
18 49
18 50
18 51
19 52
19 53
19 54
19 55
19 56
19 57
19 58
19 59
19 60
19 61
19 62
19 63
19 64
19 65
19 66
19 67
19 68
20 69
20 70
20 71
20 72
20 73
20 74
20 75
20 76
20 77
20 78
20 79
20 80
20 81
20 82
20 83
20 84
20 85
20 86
20 87
20 88
20 89
20 90
20 91
21 92
21 93
21 94
21 95
21 96
21 97
21 98
21 99
21 100
21 101
21 102
21 103
21 104
21 105
21 106
21 107
21 108
21 109
21 110
21 111
21 112
21 113
21 114
21 115
21 116
21 117
21 118
21 119
21 120
21 121
21 122
22 123
22 124
22 125
22 126
22 127
22 128
22 129
22 130
22 131
22 132
22 133
22 134
22 135
22 136
22 137
22 138
22 139
22 140
22 141
22 142
22 143
22 144
22 145
22 146
22 147
22 148
22 149
22 150
22 151
22 152
22 153
22 154
22 155
22 156
22 157
22 158
22 159
22 160
22 161
22 162
22 163
23 164
23 165
23 166
23 167
23 168
23 169
23 170
23 171
23 172
23 173
23 174
23 175
23 176
23 177
23 178
23 179
23 180
23 181
23 182
23 183
23 184
23 185
23 186
23 187
23 188
23 189
23 190
23 191
23 192
23 193
23 194
23 195
23 196
23 197
23 198
23 199
23 200
23 201
23 202
23 203
23 204
23 205
23 206
23 207
23 208
23 209
23 210
23 211
23 212
23 213
23 214
23 215
23 216
23 217
24 218
24 219
24 220
24 221
24 222
24 223
24 224
24 225
24 226
24 227
24 228
24 229
24 230
24 231
24 232
24 233
24 234
24 235
24 236
24 237
24 238
24 239
24 240
24 241
24 242
24 243
24 244
24 245
24 246
24 247
24 248
24 249
24 250
24 251
24 252
24 253
24 254
24 255
24 256
24 257
24 258
24 259
24 260
24 261
24 262
24 263
24 264
24 265
24 266
24 267
24 268
24 269
24 270
24 271
24 272
24 273
24 274
24 275
24 276
24 277
24 278
24 279
24 280
24 281
24 282
24 283
24 284
24 285
24 286
24 287
24 288
24 289
24 290
25 291
25 292
25 293
25 294
25 295
25 296
25 297
25 298
25 299
25 300
25 301
25 302
25 303
25 304
25 305
25 306
25 307
25 308
25 309
25 310
25 311
25 312
25 313
25 314
25 315
25 316
25 317
25 318
25 319
25 320
25 321
25 322
25 323
25 324
25 325
25 326
25 327
25 328
25 329
25 330
25 331
25 332
25 333
25 334
25 335
25 336
25 337
25 338
25 339
25 340
25 341
25 342
25 343
25 344
25 345
25 346
25 347
25 348
25 349
25 350
25 351
25 352
25 353
25 354
25 355
25 356
25 357
25 358
25 359
25 360
25 361
25 362
25 363
25 364
25 365
25 366
25 367
25 368
25 369
25 370
25 371
25 372
25 373
25 374
25 375
25 376
25 377
25 378
25 379
25 380
25 381
25 382
25 383
25 384
25 385
25 386
25 387
26 388
26 389
26 390
26 391
26 392
26 393
26 394
26 395
26 396
26 397
26 398
26 399
26 400
26 401
26 402
26 403
26 404
26 405
26 406
26 407
26 408
26 409
26 410
26 411
26 412
26 413
26 414
26 415
26 416
26 417
26 418
26 419
26 420
26 421
26 422
26 423
26 424
26 425
26 426
26 427
26 428
26 429
26 430
26 431
26 432
26 433
26 434
26 435
26 436
26 437
26 438
26 439
26 440
26 441
26 442
26 443
26 444
26 445
26 446
26 447
26 448
26 449
26 450
26 451
26 452
26 453
26 454
26 455
26 456
26 457
26 458
26 459
26 460
26 461
26 462
26 463
26 464
26 465
26 466
26 467
26 468
26 469
26 470
26 471
26 472
26 473
26 474
26 475
26 476
26 477
26 478
26 479
26 480
26 481
26 482
26 483
26 484
26 485
26 486
26 487
26 488
26 489
26 490
26 491
26 492
26 493
26 494
26 495
26 496
26 497
26 498
26 499
26 500
26 501
26 502
26 503
26 504
26 505
26 506
26 507
26 508
26 509
26 510
26 511
26 512
26 513
26 514
26 515
26 516
27 517
27 518
27 519
27 520
27 521
27 522
27 523
27 524
27 525
27 526
27 527
27 528
27 529
27 530
27 531
27 532
27 533
27 534
27 535
27 536
27 537
27 538
27 539
27 540
27 541
27 542
27 543
27 544
27 545
27 546
27 547
27 548
27 549
27 550
27 551
27 552
27 553
27 554
27 555
27 556
27 557
27 558
27 559
27 560
27 561
27 562
27 563
27 564
27 565
27 566
27 567
27 568
27 569
27 570
27 571
27 572
27 573
27 574
27 575
27 576
27 577
27 578
27 579
27 580
27 581
27 582
27 583
27 584
27 585
27 586
27 587
27 588
27 589
27 590
27 591
27 592
27 593
27 594
27 595
27 596
27 597
27 598
27 599
27 600
27 601
27 602
27 603
27 604
27 605
27 606
27 607
27 608
27 609
27 610
27 611
27 612
27 613
27 614
27 615
27 616
27 617
27 618
27 619
27 620
27 621
27 622
27 623
27 624
27 625
27 626
27 627
27 628
27 629
27 630
27 631
27 632
27 633
27 634
27 635
27 636
27 637
27 638
27 639
27 640
27 641
27 642
27 643
27 644
27 645
27 646
27 647
27 648
27 649
27 650
27 651
27 652
27 653
27 654
27 655
27 656
27 657
27 658
27 659
27 660
27 661
27 662
27 663
27 664
27 665
27 666
27 667
27 668
27 669
27 670
27 671
27 672
27 673
27 674
27 675
27 676
27 677
27 678
27 679
27 680
27 681
27 682
27 683
27 684
27 685
27 686
27 687
27 688
27 689
28 690
28 691
28 692
28 693
28 694
28 695
28 696
28 697
28 698
28 699
28 700
28 701
28 702
28 703
28 704
28 705
28 706
28 707
28 708
28 709
28 710
28 711
28 712
28 713
28 714
28 715
28 716
28 717
28 718
28 719
28 720
28 721
28 722
28 723
28 724
28 725
28 726
28 727
28 728
28 729
28 730
28 731
28 732
28 733
28 734
28 735
28 736
28 737
28 738
28 739
28 740
28 741
28 742
28 743
28 744
28 745
28 746
28 747
28 748
28 749
28 750
28 751
28 752
28 753
28 754
28 755
28 756
28 757
28 758
28 759
28 760
28 761
28 762
28 763
28 764
28 765
28 766
28 767
28 768
28 769
28 770
28 771
28 772
28 773
28 774
28 775
28 776
28 777
28 778
28 779
28 780
28 781
28 782
28 783
28 784
28 785
28 786
28 787
28 788
28 789
28 790
28 791
28 792
28 793
28 794
28 795
28 796
28 797
28 798
28 799
28 800
28 801
28 802
28 803
28 804
28 805
28 806
28 807
28 808
28 809
28 810
28 811
28 812
28 813
28 814
28 815
28 816
28 817
28 818
28 819
28 820
28 821
28 822
28 823
28 824
28 825
28 826
28 827
28 828
28 829
28 830
28 831
28 832
28 833
28 834
28 835
28 836
28 837
28 838
28 839
28 840
28 841
28 842
28 843
28 844
28 845
28 846
28 847
28 848
28 849
28 850
28 851
28 852
28 853
28 854
28 855
28 856
28 857
28 858
28 859
28 860
28 861
28 862
28 863
28 864
28 865
28 866
28 867
28 868
28 869
28 870
28 871
28 872
28 873
28 874
28 875
28 876
28 877
28 878
28 879
28 880
28 881
28 882
28 883
28 884
28 885
28 886
28 887
28 888
28 889
28 890
28 891
28 892
28 893
28 894
28 895
28 896
28 897
28 898
28 899
28 900
28 901
28 902
28 903
28 904
28 905
28 906
28 907
28 908
28 909
28 910
28 911
28 912
28 913
28 914
28 915
28 916
28 917
28 918
28 919
29 920
29 921
29 922
29 923
29 924
29 925
29 926
29 927
29 928
29 929
29 930
29 931
29 932
29 933
29 934
29 935
29 936
29 937
29 938
29 939
29 940
29 941
29 942
29 943
29 944
29 945
29 946
29 947
29 948
29 949
29 950
29 951
29 952
29 953
29 954
29 955
29 956
29 957
29 958
29 959
29 960
29 961
29 962
29 963
29 964
29 965
29 966
29 967
29 968
29 969
29 970
29 971
29 972
29 973
29 974
29 975
29 976
29 977
29 978
29 979
29 980
29 981
29 982
29 983
29 984
29 985
29 986
29 987
29 988
29 989
29 990
29 991
29 992
29 993
29 994
29 995
29 996
29 997
29 998
29 999
29 1000
29 1001
29 1002
29 1003
29 1004
29 1005
29 1006
29 1007
29 1008
29 1009
29 1010
29 1011
29 1012
29 1013
29 1014
29 1015
29 1016
29 1017
29 1018
29 1019
29 1020
29 1021
29 1022
29 1023
29 1024
29 1025
29 1026
29 1027
29 1028
29 1029
29 1030
29 1031
29 1032
29 1033
29 1034
29 1035
29 1036
29 1037
29 1038
29 1039
29 1040
29 1041
29 1042
29 1043
29 1044
29 1045
29 1046
29 1047
29 1048
29 1049
29 1050
29 1051
29 1052
29 1053
29 1054
29 1055
29 1056
29 1057
29 1058
29 1059
29 1060
29 1061
29 1062
29 1063
29 1064
29 1065
29 1066
29 1067
29 1068
29 1069
29 1070
29 1071
29 1072
29 1073
29 1074
29 1075
29 1076
29 1077
29 1078
29 1079
29 1080
29 1081
29 1082
29 1083
29 1084
29 1085
29 1086
29 1087
29 1088
29 1089
29 1090
29 1091
29 1092
29 1093
29 1094
29 1095
29 1096
29 1097
29 1098
29 1099
29 1100
29 1101
29 1102
29 1103
29 1104
29 1105
29 1106
29 1107
29 1108
29 1109
29 1110
29 1111
29 1112
29 1113
29 1114
29 1115
29 1116
29 1117
29 1118
29 1119
29 1120
29 1121
29 1122
29 1123
29 1124
29 1125
29 1126
29 1127
29 1128
29 1129
29 1130
29 1131
29 1132
29 1133
29 1134
29 1135
29 1136
29 1137
29 1138
29 1139
29 1140
29 1141
29 1142
29 1143
29 1144
29 1145
29 1146
29 1147
29 1148
29 1149
29 1150
29 1151
29 1152
29 1153
29 1154
29 1155
29 1156
29 1157
29 1158
29 1159
29 1160
29 1161
29 1162
29 1163
29 1164
29 1165
29 1166
29 1167
29 1168
29 1169
29 1170
29 1171
29 1172
29 1173
29 1174
29 1175
29 1176
29 1177
29 1178
29 1179
29 1180
29 1181
29 1182
29 1183
29 1184
29 1185
29 1186
29 1187
29 1188
29 1189
29 1190
29 1191
29 1192
29 1193
29 1194
29 1195
29 1196
29 1197
29 1198
29 1199
29 1200
29 1201
29 1202
29 1203
29 1204
29 1205
29 1206
29 1207
29 1208
29 1209
29 1210
29 1211
29 1212
29 1213
29 1214
29 1215
29 1216
29 1217
29 1218
29 1219
29 1220
29 1221
29 1222
29 1223
29 1224
29 1225
30 1226
30 1227
30 1228
30 1229
30 1230
30 1231
30 1232
30 1233
30 1234
30 1235
30 1236
30 1237
30 1238
30 1239
30 1240
30 1241
30 1242
30 1243
30 1244
30 1245
30 1246
30 1247
30 1248
30 1249
30 1250
30 1251
30 1252
30 1253
30 1254
30 1255
30 1256
30 1257
30 1258
30 1259
30 1260
30 1261
30 1262
30 1263
30 1264
30 1265
30 1266
30 1267
30 1268
30 1269
30 1270
30 1271
30 1272
30 1273
30 1274
30 1275
30 1276
30 1277
30 1278
30 1279
30 1280
30 1281
30 1282
30 1283
30 1284
30 1285
30 1286
30 1287
30 1288
30 1289
30 1290
30 1291
30 1292
30 1293
30 1294
30 1295
30 1296
30 1297
30 1298
30 1299
30 1300
30 1301
30 1302
30 1303
30 1304
30 1305
30 1306
30 1307
30 1308
30 1309
30 1310
30 1311
30 1312
30 1313
30 1314
30 1315
30 1316
30 1317
30 1318
30 1319
30 1320
30 1321
30 1322
30 1323
30 1324
30 1325
30 1326
30 1327
30 1328
30 1329
30 1330
30 1331
30 1332
30 1333
30 1334
30 1335
30 1336
30 1337
30 1338
30 1339
30 1340
30 1341
30 1342
30 1343
30 1344
30 1345
30 1346
30 1347
30 1348
30 1349
30 1350
30 1351
30 1352
30 1353
30 1354
30 1355
30 1356
30 1357
30 1358
30 1359
30 1360
30 1361
30 1362
30 1363
30 1364
30 1365
30 1366
30 1367
30 1368
30 1369
30 1370
30 1371
30 1372
30 1373
30 1374
30 1375
30 1376
30 1377
30 1378
30 1379
30 1380
30 1381
30 1382
30 1383
30 1384
30 1385
30 1386
30 1387
30 1388
30 1389
30 1390
30 1391
30 1392
30 1393
30 1394
30 1395
30 1396
30 1397
30 1398
30 1399
30 1400
30 1401
30 1402
30 1403
30 1404
30 1405
30 1406
30 1407
30 1408
30 1409
30 1410
30 1411
30 1412
30 1413
30 1414
30 1415
30 1416
30 1417
30 1418
30 1419
30 1420
30 1421
30 1422
30 1423
30 1424
30 1425
30 1426
30 1427
30 1428
30 1429
30 1430
30 1431
30 1432
30 1433
30 1434
30 1435
30 1436
30 1437
30 1438
30 1439
30 1440
30 1441
30 1442
30 1443
30 1444
30 1445
30 1446
30 1447
30 1448
30 1449
30 1450
30 1451
30 1452
30 1453
30 1454
30 1455
30 1456
30 1457
30 1458
30 1459
30 1460
30 1461
30 1462
30 1463
30 1464
30 1465
30 1466
30 1467
30 1468
30 1469
30 1470
30 1471
30 1472
30 1473
30 1474
30 1475
30 1476
30 1477
30 1478
30 1479
30 1480
30 1481
30 1482
30 1483
30 1484
30 1485
30 1486
30 1487
30 1488
30 1489
30 1490
30 1491
30 1492
30 1493
30 1494
30 1495
30 1496
30 1497
30 1498
30 1499
30 1500
30 1501
30 1502
30 1503
30 1504
30 1505
30 1506
30 1507
30 1508
30 1509
30 1510
30 1511
30 1512
30 1513
30 1514
30 1515
30 1516
30 1517
30 1518
30 1519
30 1520
30 1521
30 1522
30 1523
30 1524
30 1525
30 1526
30 1527
30 1528
30 1529
30 1530
30 1531
30 1532
30 1533
30 1534
30 1535
30 1536
30 1537
30 1538
30 1539
30 1540
30 1541
30 1542
30 1543
30 1544
30 1545
30 1546
30 1547
30 1548
30 1549
30 1550
30 1551
30 1552
30 1553
30 1554
30 1555
30 1556
30 1557
30 1558
30 1559
30 1560
30 1561
30 1562
30 1563
30 1564
30 1565
30 1566
30 1567
30 1568
30 1569
30 1570
30 1571
30 1572
30 1573
30 1574
30 1575
30 1576
30 1577
30 1578
30 1579
30 1580
30 1581
30 1582
30 1583
30 1584
30 1585
30 1586
30 1587
30 1588
30 1589
30 1590
30 1591
30 1592
30 1593
30 1594
30 1595
30 1596
30 1597
30 1598
30 1599
30 1600
30 1601
30 1602
30 1603
30 1604
30 1605
30 1606
30 1607
30 1608
30 1609
30 1610
30 1611
30 1612
30 1613
30 1614
30 1615
30 1616
30 1617
30 1618
30 1619
30 1620
30 1621
30 1622
30 1623
30 1624
30 1625
30 1626
30 1627
30 1628
30 1629
30 1630
30 1631
30 1632
30 1633
30 1634
31 1635
31 1636
31 1637
31 1638
31 1639
31 1640
31 1641
31 1642
31 1643
31 1644
31 1645
31 1646
31 1647
31 1648
31 1649
31 1650
31 1651
31 1652
31 1653
31 1654
31 1655
31 1656
31 1657
31 1658
31 1659
31 1660
31 1661
31 1662
31 1663
31 1664
31 1665
31 1666
31 1667
31 1668
31 1669
31 1670
31 1671
31 1672
31 1673
31 1674
31 1675
31 1676
31 1677
31 1678
31 1679
31 1680
31 1681
31 1682
31 1683
31 1684
31 1685
31 1686
31 1687
31 1688
31 1689
31 1690
31 1691
31 1692
31 1693
31 1694
31 1695
31 1696
31 1697
31 1698
31 1699
31 1700
31 1701
31 1702
31 1703
31 1704
31 1705
31 1706
31 1707
31 1708
31 1709
31 1710
31 1711
31 1712
31 1713
31 1714
31 1715
31 1716
31 1717
31 1718
31 1719
31 1720
31 1721
31 1722
31 1723
31 1724
31 1725
31 1726
31 1727
31 1728
31 1729
31 1730
31 1731
31 1732
31 1733
31 1734
31 1735
31 1736
31 1737
31 1738
31 1739
31 1740
31 1741
31 1742
31 1743
31 1744
31 1745
31 1746
31 1747
31 1748
31 1749
31 1750
31 1751
31 1752
31 1753
31 1754
31 1755
31 1756
31 1757
31 1758
31 1759
31 1760
31 1761
31 1762
31 1763
31 1764
31 1765
31 1766
31 1767
31 1768
31 1769
31 1770
31 1771
31 1772
31 1773
31 1774
31 1775
31 1776
31 1777
31 1778
31 1779
31 1780
31 1781
31 1782
31 1783
31 1784
31 1785
31 1786
31 1787
31 1788
31 1789
31 1790
31 1791
31 1792
31 1793
31 1794
31 1795
31 1796
31 1797
31 1798
31 1799
31 1800
31 1801
31 1802
31 1803
31 1804
31 1805
31 1806
31 1807
31 1808
31 1809
31 1810
31 1811
31 1812
31 1813
31 1814
31 1815
31 1816
31 1817
31 1818
31 1819
31 1820
31 1821
31 1822
31 1823
31 1824
31 1825
31 1826
31 1827
31 1828
31 1829
31 1830
31 1831
31 1832
31 1833
31 1834
31 1835
31 1836
31 1837
31 1838
31 1839
31 1840
31 1841
31 1842
31 1843
31 1844
31 1845
31 1846
31 1847
31 1848
31 1849
31 1850
31 1851
31 1852
31 1853
31 1854
31 1855
31 1856
31 1857
31 1858
31 1859
31 1860
31 1861
31 1862
31 1863
31 1864
31 1865
31 1866
31 1867
31 1868
31 1869
31 1870
31 1871
31 1872
31 1873
31 1874
31 1875
31 1876
31 1877
31 1878
31 1879
31 1880
31 1881
31 1882
31 1883
31 1884
31 1885
31 1886
31 1887
31 1888
31 1889
31 1890
31 1891
31 1892
31 1893
31 1894
31 1895
31 1896
31 1897
31 1898
31 1899
31 1900
31 1901
31 1902
31 1903
31 1904
31 1905
31 1906
31 1907
31 1908
31 1909
31 1910
31 1911
31 1912
31 1913
31 1914
31 1915
31 1916
31 1917
31 1918
31 1919
31 1920
31 1921
31 1922
31 1923
31 1924
31 1925
31 1926
31 1927
31 1928
31 1929
31 1930
31 1931
31 1932
31 1933
31 1934
31 1935
31 1936
31 1937
31 1938
31 1939
31 1940
31 1941
31 1942
31 1943
31 1944
31 1945
31 1946
31 1947
31 1948
31 1949
31 1950
31 1951
31 1952
31 1953
31 1954
31 1955
31 1956
31 1957
31 1958
31 1959
31 1960
31 1961
31 1962
31 1963
31 1964
31 1965
31 1966
31 1967
31 1968
31 1969
31 1970
31 1971
31 1972
31 1973
31 1974
31 1975
31 1976
31 1977
31 1978
31 1979
31 1980
31 1981
31 1982
31 1983
31 1984
31 1985
31 1986
31 1987
31 1988
31 1989
31 1990
31 1991
31 1992
31 1993
31 1994
31 1995
31 1996
31 1997
31 1998
31 1999
31 2000
31 1635
4 1
3 2
8 3
8 4
9 5
9 6
9 7
9 8
10 9
10 10
10 11
10 12
11 13
10 14
11 15
10 16
11 17
11 18
11 19
11 20
12 21
11 22
12 23
11 24
12 25
11 26
12 27
12 28
12 29
12 30
12 31
12 32
12 33
12 34
13 35
12 36
13 37
12 38
13 39
12 40
13 41
12 42
13 43
12 44
13 45
13 46
13 47
13 48
13 49
13 50
13 51
13 52
13 53
13 54
13 55
13 56
13 57
13 58
14 59
13 60
14 61
13 62
14 63
13 64
14 65
13 66
14 67
13 68
14 69
13 70
14 71
13 72
14 73
13 74
14 75
13 76
14 77
14 78
14 79
14 80
14 81
14 82
14 83
14 84
14 85
14 86
14 87
14 88
14 89
14 90
14 91
14 92
14 93
14 94
14 95
14 96
14 97
14 98
15 99
14 100
15 101
14 102
15 103
14 104
15 105
14 106
15 107
14 108
15 109
14 110
15 111
14 112
15 113
14 114
15 115
14 116
15 117
14 118
15 119
14 120
15 121
14 122
15 123
14 124
15 125
14 126
15 127
15 128
15 129
15 130
15 131
15 132
15 133
15 134
15 135
15 136
15 137
15 138
15 139
15 140
15 141
15 142
15 143
15 144
15 145
15 146
15 147
15 148
15 149
15 150
15 151
15 152
15 153
15 154
15 155
15 156
15 157
15 158
15 159
15 160
15 161
15 162
16 163
15 164
16 165
15 166
16 167
15 168
16 169
15 170
16 171
15 172
16 173
15 174
16 175
15 176
16 177
15 178
16 179
15 180
16 181
15 182
16 183
15 184
16 185
15 186
16 187
15 188
16 189
15 190
16 191
15 192
16 193
15 194
16 195
15 196
16 197
15 198
16 199
15 200
16 201
15 202
16 203
15 204
16 205
15 206
16 207
15 208
16 209
15 210
16 211
15 212
16 213
16 214
16 215
16 216
16 217
16 218
16 219
16 220
16 221
16 222
16 223
16 224
16 225
16 226
16 227
16 228
16 229
16 230
16 231
16 232
16 233
16 234
16 235
16 236
16 237
16 238
16 239
16 240
16 241
16 242
16 243
16 244
16 245
16 246
16 247
16 248
16 249
16 250
16 251
16 252
16 253
16 254
16 255
16 256
16 257
16 258
16 259
16 260
16 261
16 262
16 263
16 264
16 265
16 266
16 267
16 268
16 269
16 270
17 271
16 272
17 273
16 274
17 275
16 276
17 277
16 278
17 279
16 280
17 281
16 282
17 283
16 284
17 285
16 286
17 287
16 288
17 289
16 290
17 291
16 292
17 293
16 294
17 295
16 296
17 297
16 298
17 299
16 300
17 301
16 302
17 303
16 304
17 305
16 306
17 307
16 308
17 309
16 310
17 311
16 312
17 313
16 314
17 315
16 316
17 317
16 318
17 319
16 320
17 321
16 322
17 323
16 324
17 325
16 326
17 327
16 328
17 329
16 330
17 331
16 332
17 333
16 334
17 335
16 336
17 337
16 338
17 339
16 340
17 341
16 342
17 343
16 344
17 345
16 346
17 347
16 348
17 349
16 350
17 351
16 352
17 353
17 354
17 355
17 356
17 357
17 358
17 359
17 360
17 361
17 362
17 363
17 364
17 365
17 366
17 367
17 368
17 369
17 370
17 371
17 372
17 373
17 374
17 375
17 376
17 377
17 378
17 379
17 380
17 381
17 382
17 383
17 384
17 385
17 386
17 387
17 388
17 389
17 390
17 391
17 392
17 393
17 394
17 395
17 396
17 397
17 398
17 399
17 400
17 401
17 402
17 403
17 404
17 405
17 406
17 407
17 408
17 409
17 410
17 411
17 412
17 413
17 414
17 415
17 416
17 417
17 418
17 419
17 420
17 421
17 422
17 423
17 424
17 425
17 426
17 427
17 428
17 429
17 430
17 431
17 432
17 433
17 434
17 435
17 436
17 437
17 438
17 439
17 440
17 441
17 442
17 443
17 444
17 445
17 446
17 447
17 448
17 449
17 450
17 451
17 452
18 453
17 454
18 455
17 456
18 457
17 458
18 459
17 460
18 461
17 462
18 463
17 464
18 465
17 466
18 467
17 468
18 469
17 470
18 471
17 472
18 473
17 474
18 475
17 476
18 477
17 478
18 479
17 480
18 481
17 482
18 483
17 484
18 485
17 486
18 487
17 488
18 489
17 490
18 491
17 492
18 493
17 494
18 495
17 496
18 497
17 498
18 499
17 500
18 501
17 502
18 503
17 504
18 505
17 506
18 507
17 508
18 509
17 510
18 511
17 512
18 513
17 514
18 515
17 516
18 517
17 518
18 519
17 520
18 521
17 522
18 523
17 524
18 525
17 526
18 527
17 528
18 529
17 530
18 531
17 532
18 533
17 534
18 535
17 536
18 537
17 538
18 539
17 540
18 541
17 542
18 543
17 544
18 545
17 546
18 547
17 548
18 549
17 550
18 551
17 552
18 553
17 554
18 555
17 556
18 557
17 558
18 559
17 560
18 561
17 562
18 563
17 564
18 565
17 566
18 567
17 568
18 569
17 570
18 571
17 572
18 573
17 574
18 575
17 576
18 577
17 578
18 579
17 580
18 581
17 582
18 583
17 584
18 585
17 586
18 587
17 588
18 589
18 590
18 591
18 592
18 593
18 594
18 595
18 596
18 597
18 598
18 599
18 600
18 601
18 602
18 603
18 604
18 605
18 606
18 607
18 608
18 609
18 610
18 611
18 612
18 613
18 614
18 615
18 616
18 617
18 618
18 619
18 620
18 621
18 622
18 623
18 624
18 625
18 626
18 627
18 628
18 629
18 630
18 631
18 632
18 633
18 634
18 635
18 636
18 637
18 638
18 639
18 640
18 641
18 642
18 643
18 644
18 645
18 646
18 647
18 648
18 649
18 650
18 651
18 652
18 653
18 654
18 655
18 656
18 657
18 658
18 659
18 660
18 661
18 662
18 663
18 664
18 665
18 666
18 667
18 668
18 669
18 670
18 671
18 672
18 673
18 674
18 675
18 676
18 677
18 678
18 679
18 680
18 681
18 682
18 683
18 684
18 685
18 686
18 687
18 688
18 689
18 690
18 691
18 692
18 693
18 694
18 695
18 696
18 697
18 698
18 699
18 700
18 701
18 702
18 703
18 704
18 705
18 706
18 707
18 708
18 709
18 710
18 711
18 712
18 713
18 714
18 715
18 716
18 717
18 718
18 719
18 720
18 721
18 722
18 723
18 724
18 725
18 726
18 727
18 728
18 729
18 730
18 731
18 732
18 733
18 734
18 735
18 736
18 737
18 738
18 739
18 740
18 741
18 742
18 743
18 744
18 745
18 746
18 747
18 748
18 749
18 750
18 751
18 752
19 753
18 754
19 755
18 756
19 757
18 758
19 759
18 760
19 761
18 762
19 763
18 764
19 765
18 766
19 767
18 768
19 769
18 770
19 771
18 772
19 773
18 774
19 775
18 776
19 777
18 778
19 779
18 780
19 781
18 782
19 783
18 784
19 785
18 786
19 787
18 788
19 789
18 790
19 791
18 792
19 793
18 794
19 795
18 796
19 797
18 798
19 799
18 800
19 801
18 802
19 803
18 804
19 805
18 806
19 807
18 808
19 809
18 810
19 811
18 812
19 813
18 814
19 815
18 816
19 817
18 818
19 819
18 820
19 821
18 822
19 823
18 824
19 825
18 826
19 827
18 828
19 829
18 830
19 831
18 832
19 833
18 834
19 835
18 836
19 837
18 838
19 839
18 840
19 841
18 842
19 843
18 844
19 845
18 846
19 847
18 848
19 849
18 850
19 851
18 852
19 853
18 854
19 855
18 856
19 857
18 858
19 859
18 860
19 861
18 862
19 863
18 864
19 865
18 866
19 867
18 868
19 869
18 870
19 871
18 872
19 873
18 874
19 875
18 876
19 877
18 878
19 879
18 880
19 881
18 882
19 883
18 884
19 885
18 886
19 887
18 888
19 889
18 890
19 891
18 892
19 893
18 894
19 895
18 896
19 897
18 898
19 899
18 900
19 901
18 902
19 903
18 904
19 905
18 906
19 907
18 908
19 909
18 910
19 911
18 912
19 913
18 914
19 915
18 916
19 917
18 918
19 919
18 920
19 921
18 922
19 923
18 924
19 925
18 926
19 927
18 928
19 929
18 930
19 931
18 932
19 933
18 934
19 935
18 936
19 937
18 938
19 939
18 940
19 941
18 942
19 943
18 944
19 945
18 946
19 947
18 948
19 949
18 950
19 951
18 952
19 953
18 954
19 955
18 956
19 957
18 958
19 959
18 960
19 961
18 962
19 963
18 964
19 965
18 966
19 967
18 968
19 969
18 970
19 971
18 972
19 973
18 974
19 975
18 976
19 977
18 978
19 979
18 980
19 981
18 982
19 983
19 984
19 985
19 986
19 987
19 988
19 989
19 990
19 991
19 992
19 993
19 994
19 995
19 996
19 997
19 998
19 999
19 1000
19 1001
19 1002
19 1003
19 1004
19 1005
19 1006
19 1007
19 1008
19 1009
19 1010
19 1011
19 1012
19 1013
19 1014
19 1015
19 1016
19 1017
19 1018
19 1019
19 1020
19 1021
19 1022
19 1023
19 1024
19 1025
19 1026
19 1027
19 1028
19 1029
19 1030
19 1031
19 1032
19 1033
19 1034
19 1035
19 1036
19 1037
19 1038
19 1039
19 1040
19 1041
19 1042
19 1043
19 1044
19 1045
19 1046
19 1047
19 1048
19 1049
19 1050
19 1051
19 1052
19 1053
19 1054
19 1055
19 1056
19 1057
19 1058
19 1059
19 1060
19 1061
19 1062
19 1063
19 1064
19 1065
19 1066
19 1067
19 1068
19 1069
19 1070
19 1071
19 1072
19 1073
19 1074
19 1075
19 1076
19 1077
19 1078
19 1079
19 1080
19 1081
19 1082
19 1083
19 1084
19 1085
19 1086
19 1087
19 1088
19 1089
19 1090
19 1091
19 1092
19 1093
19 1094
19 1095
19 1096
19 1097
19 1098
19 1099
19 1100
19 1101
19 1102
19 1103
19 1104
19 1105
19 1106
19 1107
19 1108
19 1109
19 1110
19 1111
19 1112
19 1113
19 1114
19 1115
19 1116
19 1117
19 1118
19 1119
19 1120
19 1121
19 1122
19 1123
19 1124
19 1125
19 1126
19 1127
19 1128
19 1129
19 1130
19 1131
19 1132
19 1133
19 1134
19 1135
19 1136
19 1137
19 1138
19 1139
19 1140
19 1141
19 1142
19 1143
19 1144
19 1145
19 1146
19 1147
19 1148
19 1149
19 1150
19 1151
19 1152
19 1153
19 1154
19 1155
19 1156
19 1157
19 1158
19 1159
19 1160
19 1161
19 1162
19 1163
19 1164
19 1165
19 1166
19 1167
19 1168
19 1169
19 1170
19 1171
19 1172
19 1173
19 1174
19 1175
19 1176
19 1177
19 1178
19 1179
19 1180
19 1181
19 1182
19 1183
19 1184
19 1185
19 1186
19 1187
19 1188
19 1189
19 1190
19 1191
19 1192
19 1193
19 1194
19 1195
19 1196
19 1197
19 1198
19 1199
19 1200
19 1201
19 1202
19 1203
19 1204
19 1205
19 1206
19 1207
19 1208
19 1209
19 1210
19 1211
19 1212
19 1213
19 1214
19 1215
19 1216
19 1217
19 1218
19 1219
19 1220
19 1221
19 1222
19 1223
19 1224
19 1225
19 1226
19 1227
19 1228
19 1229
19 1230
19 1231
19 1232
19 1233
19 1234
19 1235
19 1236
19 1237
19 1238
19 1239
19 1240
19 1241
19 1242
19 1243
19 1244
19 1245
19 1246
19 1247
19 1248
19 1249
19 1250
19 1251
19 1252
19 1253
19 1254
20 1255
19 1256
20 1257
19 1258
20 1259
19 1260
20 1261
19 1262
20 1263
19 1264
20 1265
19 1266
20 1267
19 1268
20 1269
19 1270
20 1271
19 1272
20 1273
19 1274
20 1275
19 1276
20 1277
19 1278
20 1279
19 1280
20 1281
19 1282
20 1283
19 1284
20 1285
19 1286
20 1287
19 1288
20 1289
19 1290
20 1291
19 1292
20 1293
19 1294
20 1295
19 1296
20 1297
19 1298
20 1299
19 1300
20 1301
19 1302
20 1303
19 1304
20 1305
19 1306
20 1307
19 1308
20 1309
19 1310
20 1311
19 1312
20 1313
19 1314
20 1315
19 1316
20 1317
19 1318
20 1319
19 1320
20 1321
19 1322
20 1323
19 1324
20 1325
19 1326
20 1327
19 1328
20 1329
19 1330
20 1331
19 1332
20 1333
19 1334
20 1335
19 1336
20 1337
19 1338
20 1339
19 1340
20 1341
19 1342
20 1343
19 1344
20 1345
19 1346
20 1347
19 1348
20 1349
19 1350
20 1351
19 1352
20 1353
19 1354
20 1355
19 1356
20 1357
19 1358
20 1359
19 1360
20 1361
19 1362
20 1363
19 1364
20 1365
19 1366
20 1367
19 1368
20 1369
19 1370
20 1371
19 1372
20 1373
19 1374
20 1375
19 1376
20 1377
19 1378
20 1379
19 1380
20 1381
19 1382
20 1383
19 1384
20 1385
19 1386
20 1387
19 1388
20 1389
19 1390
20 1391
19 1392
20 1393
19 1394
20 1395
19 1396
20 1397
19 1398
20 1399
19 1400
20 1401
19 1402
20 1403
19 1404
20 1405
19 1406
20 1407
19 1408
20 1409
19 1410
20 1411
19 1412
20 1413
19 1414
20 1415
19 1416
20 1417
19 1418
20 1419
19 1420
20 1421
19 1422
20 1423
19 1424
20 1425
19 1426
20 1427
19 1428
20 1429
19 1430
20 1431
19 1432
20 1433
19 1434
20 1435
19 1436
20 1437
19 1438
20 1439
19 1440
20 1441
19 1442
20 1443
19 1444
20 1445
19 1446
20 1447
19 1448
20 1449
19 1450
20 1451
19 1452
20 1453
19 1454
20 1455
19 1456
20 1457
19 1458
20 1459
19 1460
20 1461
19 1462
20 1463
19 1464
20 1465
19 1466
20 1467
19 1468
20 1469
19 1470
20 1471
19 1472
20 1473
19 1474
20 1475
19 1476
20 1477
19 1478
20 1479
19 1480
20 1481
19 1482
20 1483
19 1484
20 1485
19 1486
20 1487
19 1488
20 1489
19 1490
20 1491
19 1492
20 1493
19 1494
20 1495
19 1496
20 1497
19 1498
20 1499
19 1500
20 1501
19 1502
20 1503
19 1504
20 1505
19 1506
20 1507
19 1508
20 1509
19 1510
20 1511
19 1512
20 1513
19 1514
20 1515
19 1516
20 1517
19 1518
20 1519
19 1520
20 1521
19 1522
20 1523
19 1524
20 1525
19 1526
20 1527
19 1528
20 1529
19 1530
20 1531
19 1532
20 1533
19 1534
20 1535
19 1536
20 1537
19 1538
20 1539
19 1540
20 1541
19 1542
20 1543
19 1544
20 1545
19 1546
20 1547
19 1548
20 1549
19 1550
20 1551
19 1552
20 1553
19 1554
20 1555
19 1556
20 1557
19 1558
20 1559
19 1560
20 1561
19 1562
20 1563
19 1564
20 1565
19 1566
20 1567
19 1568
20 1569
19 1570
20 1571
19 1572
20 1573
19 1574
20 1575
19 1576
20 1577
19 1578
20 1579
19 1580
20 1581
19 1582
20 1583
19 1584
20 1585
19 1586
20 1587
19 1588
20 1589
19 1590
20 1591
19 1592
20 1593
19 1594
20 1595
19 1596
20 1597
19 1598
20 1599
19 1600
20 1601
19 1602
20 1603
19 1604
20 1605
19 1606
20 1607
19 1608
20 1609
19 1610
20 1611
19 1612
20 1613
19 1614
20 1615
19 1616
20 1617
19 1618
20 1619
19 1620
20 1621
19 1622
20 1623
19 1624
20 1625
19 1626
20 1627
19 1628
20 1629
19 1630
20 1631
19 1632
20 1633
19 1634
20 1635
19 1636
20 1637
19 1638
20 1639
20 1640
20 1641
20 1642
20 1643
20 1644
20 1645
20 1646
20 1647
20 1648
20 1649
20 1650
20 1651
20 1652
20 1653
20 1654
20 1655
20 1656
20 1657
20 1658
20 1659
20 1660
20 1661
20 1662
20 1663
20 1664
20 1665
20 1666
20 1667
20 1668
20 1669
20 1670
20 1671
20 1672
20 1673
20 1674
20 1675
20 1676
20 1677
20 1678
20 1679
20 1680
20 1681
20 1682
20 1683
20 1684
20 1685
20 1686
20 1687
20 1688
20 1689
20 1690
20 1691
20 1692
20 1693
20 1694
20 1695
20 1696
20 1697
20 1698
20 1699
20 1700
20 1701
20 1702
20 1703
20 1704
20 1705
20 1706
20 1707
20 1708
20 1709
20 1710
20 1711
20 1712
20 1713
20 1714
20 1715
20 1716
20 1717
20 1718
20 1719
20 1720
20 1721
20 1722
20 1723
20 1724
20 1725
20 1726
20 1727
20 1728
20 1729
20 1730
20 1731
20 1732
20 1733
20 1734
20 1735
20 1736
20 1737
20 1738
20 1739
20 1740
20 1741
20 1742
20 1743
20 1744
20 1745
20 1746
20 1747
20 1748
20 1749
20 1750
20 1751
20 1752
20 1753
20 1754
20 1755
20 1756
20 1757
20 1758
20 1759
20 1760
20 1761
20 1762
20 1763
20 1764
20 1765
20 1766
20 1767
20 1768
20 1769
20 1770
20 1771
20 1772
20 1773
20 1774
20 1775
20 1776
20 1777
20 1778
20 1779
20 1780
20 1781
20 1782
20 1783
20 1784
20 1785
20 1786
20 1787
20 1788
20 1789
20 1790
20 1791
20 1792
20 1793
20 1794
20 1795
20 1796
20 1797
20 1798
20 1799
20 1800
20 1801
20 1802
20 1803
20 1804
20 1805
20 1806
20 1807
20 1808
20 1809
20 1810
20 1811
20 1812
20 1813
20 1814
20 1815
20 1816
20 1817
20 1818
20 1819
20 1820
20 1821
20 1822
20 1823
20 1824
20 1825
20 1826
20 1827
20 1828
20 1829
20 1830
20 1831
20 1832
20 1833
20 1834
20 1835
20 1836
20 1837
20 1838
20 1839
20 1840
20 1841
20 1842
20 1843
20 1844
20 1845
20 1846
20 1847
20 1848
20 1849
20 1850
20 1851
20 1852
20 1853
20 1854
20 1855
20 1856
20 1857
20 1858
20 1859
20 1860
20 1861
20 1862
20 1863
20 1864
20 1865
20 1866
20 1867
20 1868
20 1869
20 1870
20 1871
20 1872
20 1873
20 1874
20 1875
20 1876
20 1877
20 1878
20 1879
20 1880
20 1881
20 1882
20 1883
20 1884
20 1885
20 1886
20 1887
20 1888
20 1889
20 1890
20 1891
20 1892
20 1893
20 1894
20 1895
20 1896
20 1897
20 1898
20 1899
20 1900
20 1901
20 1902
20 1903
20 1904
20 1905
20 1906
20 1907
20 1908
20 1909
20 1910
20 1911
20 1912
20 1913
20 1914
20 1915
20 1916
20 1917
20 1918
20 1919
20 1920
20 1921
20 1922
20 1923
20 1924
20 1925
20 1926
20 1927
20 1928
20 1929
20 1930
20 1931
20 1932
20 1933
20 1934
20 1935
20 1936
20 1937
20 1938
20 1939
20 1940
20 1941
20 1942
20 1943
20 1944
20 1945
20 1946
20 1947
20 1948
20 1949
20 1950
20 1951
20 1952
20 1953
20 1954
20 1955
20 1956
20 1957
20 1958
20 1959
20 1960
20 1961
20 1962
20 1963
20 1964
20 1965
20 1966
20 1967
20 1968
20 1969
20 1970
20 1971
20 1972
20 1973
20 1974
20 1975
20 1976
20 1977
20 1978
20 1979
20 1980
20 1981
20 1982
20 1983
20 1984
20 1985
20 1986
20 1987
20 1988
20 1989
20 1990
20 1991
20 1992
20 1993
20 1994
20 1995
20 1996
20 1997
20 1998
20 1999
20 2000
20 1255
4 1
3 2
3 3
10 4
9 5
9 6
9 7
9 8
10 9
10 10
10 11
10 12
11 13
10 14
10 15
10 16
11 17
11 18
11 19
11 20
11 21
11 22
11 23
11 24
12 25
11 26
11 27
11 28
12 29
11 30
11 31
11 32
12 33
12 34
11 35
11 36
12 37
12 38
12 39
11 40
12 41
12 42
12 43
12 44
12 45
12 46
12 47
12 48
12 49
12 50
12 51
12 52
13 53
12 54
12 55
12 56
13 57
12 58
12 59
12 60
13 61
12 62
12 63
12 64
13 65
12 66
12 67
12 68
13 69
12 70
12 71
12 72
13 73
13 74
12 75
12 76
13 77
13 78
12 79
12 80
13 81
13 82
12 83
12 84
13 85
13 86
13 87
12 88
13 89
13 90
13 91
12 92
13 93
13 94
13 95
13 96
13 97
13 98
13 99
13 100
13 101
13 102
13 103
13 104
13 105
13 106
13 107
13 108
13 109
13 110
13 111
13 112
13 113
13 114
13 115
13 116
13 117
13 118
13 119
13 120
14 121
13 122
13 123
13 124
14 125
13 126
13 127
13 128
14 129
13 130
13 131
13 132
14 133
13 134
13 135
13 136
14 137
13 138
13 139
13 140
14 141
13 142
13 143
13 144
14 145
13 146
13 147
13 148
14 149
13 150
13 151
13 152
14 153
13 154
13 155
13 156
14 157
13 158
13 159
13 160
14 161
13 162
13 163
13 164
14 165
13 166
13 167
13 168
14 169
14 170
13 171
13 172
14 173
14 174
13 175
13 176
14 177
14 178
13 179
13 180
14 181
14 182
13 183
13 184
14 185
14 186
13 187
13 188
14 189
14 190
13 191
13 192
14 193
14 194
14 195
13 196
14 197
14 198
14 199
13 200
14 201
14 202
14 203
13 204
14 205
14 206
14 207
13 208
14 209
14 210
14 211
13 212
14 213
14 214
14 215
13 216
14 217
14 218
14 219
14 220
14 221
14 222
14 223
14 224
14 225
14 226
14 227
14 228
14 229
14 230
14 231
14 232
14 233
14 234
14 235
14 236
14 237
14 238
14 239
14 240
14 241
14 242
14 243
14 244
14 245
14 246
14 247
14 248
14 249
14 250
14 251
14 252
14 253
14 254
14 255
14 256
14 257
14 258
14 259
14 260
14 261
14 262
14 263
14 264
14 265
14 266
14 267
14 268
14 269
14 270
14 271
14 272
14 273
14 274
14 275
14 276
15 277
14 278
14 279
14 280
15 281
14 282
14 283
14 284
15 285
14 286
14 287
14 288
15 289
14 290
14 291
14 292
15 293
14 294
14 295
14 296
15 297
14 298
14 299
14 300
15 301
14 302
14 303
14 304
15 305
14 306
14 307
14 308
15 309
14 310
14 311
14 312
15 313
14 314
14 315
14 316
15 317
14 318
14 319
14 320
15 321
14 322
14 323
14 324
15 325
14 326
14 327
14 328
15 329
14 330
14 331
14 332
15 333
14 334
14 335
14 336
15 337
14 338
14 339
14 340
15 341
14 342
14 343
14 344
15 345
14 346
14 347
14 348
15 349
14 350
14 351
14 352
15 353
14 354
14 355
14 356
15 357
14 358
14 359
14 360
15 361
14 362
14 363
14 364
15 365
14 366
14 367
14 368
15 369
14 370
14 371
14 372
15 373
14 374
14 375
14 376
15 377
14 378
14 379
14 380
15 381
14 382
14 383
14 384
15 385
14 386
14 387
14 388
15 389
15 390
14 391
14 392
15 393
15 394
14 395
14 396
15 397
15 398
14 399
14 400
15 401
15 402
14 403
14 404
15 405
15 406
14 407
14 408
15 409
15 410
14 411
14 412
15 413
15 414
14 415
14 416
15 417
15 418
14 419
14 420
15 421
15 422
14 423
14 424
15 425
15 426
14 427
14 428
15 429
15 430
14 431
14 432
15 433
15 434
14 435
14 436
15 437
15 438
14 439
14 440
15 441
15 442
14 443
14 444
15 445
15 446
14 447
14 448
15 449
15 450
15 451
14 452
15 453
15 454
15 455
14 456
15 457
15 458
15 459
14 460
15 461
15 462
15 463
14 464
15 465
15 466
15 467
14 468
15 469
15 470
15 471
14 472
15 473
15 474
15 475
14 476
15 477
15 478
15 479
14 480
15 481
15 482
15 483
14 484
15 485
15 486
15 487
14 488
15 489
15 490
15 491
14 492
15 493
15 494
15 495
14 496
15 497
15 498
15 499
14 500
15 501
15 502
15 503
14 504
15 505
15 506
15 507
15 508
15 509
15 510
15 511
15 512
15 513
15 514
15 515
15 516
15 517
15 518
15 519
15 520
15 521
15 522
15 523
15 524
15 525
15 526
15 527
15 528
15 529
15 530
15 531
15 532
15 533
15 534
15 535
15 536
15 537
15 538
15 539
15 540
15 541
15 542
15 543
15 544
15 545
15 546
15 547
15 548
15 549
15 550
15 551
15 552
15 553
15 554
15 555
15 556
15 557
15 558
15 559
15 560
15 561
15 562
15 563
15 564
15 565
15 566
15 567
15 568
15 569
15 570
15 571
15 572
15 573
15 574
15 575
15 576
15 577
15 578
15 579
15 580
15 581
15 582
15 583
15 584
15 585
15 586
15 587
15 588
15 589
15 590
15 591
15 592
15 593
15 594
15 595
15 596
15 597
15 598
15 599
15 600
15 601
15 602
15 603
15 604
15 605
15 606
15 607
15 608
15 609
15 610
15 611
15 612
15 613
15 614
15 615
15 616
15 617
15 618
15 619
15 620
15 621
15 622
15 623
15 624
15 625
15 626
15 627
15 628
15 629
15 630
15 631
15 632
15 633
15 634
15 635
15 636
15 637
15 638
15 639
15 640
16 641
15 642
15 643
15 644
16 645
15 646
15 647
15 648
16 649
15 650
15 651
15 652
16 653
15 654
15 655
15 656
16 657
15 658
15 659
15 660
16 661
15 662
15 663
15 664
16 665
15 666
15 667
15 668
16 669
15 670
15 671
15 672
16 673
15 674
15 675
15 676
16 677
15 678
15 679
15 680
16 681
15 682
15 683
15 684
16 685
15 686
15 687
15 688
16 689
15 690
15 691
15 692
16 693
15 694
15 695
15 696
16 697
15 698
15 699
15 700
16 701
15 702
15 703
15 704
16 705
15 706
15 707
15 708
16 709
15 710
15 711
15 712
16 713
15 714
15 715
15 716
16 717
15 718
15 719
15 720
16 721
15 722
15 723
15 724
16 725
15 726
15 727
15 728
16 729
15 730
15 731
15 732
16 733
15 734
15 735
15 736
16 737
15 738
15 739
15 740
16 741
15 742
15 743
15 744
16 745
15 746
15 747
15 748
16 749
15 750
15 751
15 752
16 753
15 754
15 755
15 756
16 757
15 758
15 759
15 760
16 761
15 762
15 763
15 764
16 765
15 766
15 767
15 768
16 769
15 770
15 771
15 772
16 773
15 774
15 775
15 776
16 777
15 778
15 779
15 780
16 781
15 782
15 783
15 784
16 785
15 786
15 787
15 788
16 789
15 790
15 791
15 792
16 793
15 794
15 795
15 796
16 797
15 798
15 799
15 800
16 801
15 802
15 803
15 804
16 805
15 806
15 807
15 808
16 809
15 810
15 811
15 812
16 813
15 814
15 815
15 816
16 817
15 818
15 819
15 820
16 821
15 822
15 823
15 824
16 825
15 826
15 827
15 828
16 829
15 830
15 831
15 832
16 833
15 834
15 835
15 836
16 837
15 838
15 839
15 840
16 841
15 842
15 843
15 844
16 845
15 846
15 847
15 848
16 849
15 850
15 851
15 852
16 853
15 854
15 855
15 856
16 857
15 858
15 859
15 860
16 861
15 862
15 863
15 864
16 865
15 866
15 867
15 868
16 869
15 870
15 871
15 872
16 873
15 874
15 875
15 876
16 877
15 878
15 879
15 880
16 881
15 882
15 883
15 884
16 885
15 886
15 887
15 888
16 889
15 890
15 891
15 892
16 893
15 894
15 895
15 896
16 897
15 898
15 899
15 900
16 901
15 902
15 903
15 904
16 905
16 906
15 907
15 908
16 909
16 910
15 911
15 912
16 913
16 914
15 915
15 916
16 917
16 918
15 919
15 920
16 921
16 922
15 923
15 924
16 925
16 926
15 927
15 928
16 929
16 930
15 931
15 932
16 933
16 934
15 935
15 936
16 937
16 938
15 939
15 940
16 941
16 942
15 943
15 944
16 945
16 946
15 947
15 948
16 949
16 950
15 951
15 952
16 953
16 954
15 955
15 956
16 957
16 958
15 959
15 960
16 961
16 962
15 963
15 964
16 965
16 966
15 967
15 968
16 969
16 970
15 971
15 972
16 973
16 974
15 975
15 976
16 977
16 978
15 979
15 980
16 981
16 982
15 983
15 984
16 985
16 986
15 987
15 988
16 989
16 990
15 991
15 992
16 993
16 994
15 995
15 996
16 997
16 998
15 999
15 1000
16 1001
16 1002
15 1003
15 1004
16 1005
16 1006
15 1007
15 1008
16 1009
16 1010
15 1011
15 1012
16 1013
16 1014
15 1015
15 1016
16 1017
16 1018
15 1019
15 1020
16 1021
16 1022
15 1023
15 1024
16 1025
16 1026
15 1027
15 1028
16 1029
16 1030
15 1031
15 1032
16 1033
16 1034
15 1035
15 1036
16 1037
16 1038
15 1039
15 1040
16 1041
16 1042
15 1043
15 1044
16 1045
16 1046
16 1047
15 1048
16 1049
16 1050
16 1051
15 1052
16 1053
16 1054
16 1055
15 1056
16 1057
16 1058
16 1059
15 1060
16 1061
16 1062
16 1063
15 1064
16 1065
16 1066
16 1067
15 1068
16 1069
16 1070
16 1071
15 1072
16 1073
16 1074
16 1075
15 1076
16 1077
16 1078
16 1079
15 1080
16 1081
16 1082
16 1083
15 1084
16 1085
16 1086
16 1087
15 1088
16 1089
16 1090
16 1091
15 1092
16 1093
16 1094
16 1095
15 1096
16 1097
16 1098
16 1099
15 1100
16 1101
16 1102
16 1103
15 1104
16 1105
16 1106
16 1107
15 1108
16 1109
16 1110
16 1111
15 1112
16 1113
16 1114
16 1115
15 1116
16 1117
16 1118
16 1119
15 1120
16 1121
16 1122
16 1123
15 1124
16 1125
16 1126
16 1127
15 1128
16 1129
16 1130
16 1131
15 1132
16 1133
16 1134
16 1135
15 1136
16 1137
16 1138
16 1139
15 1140
16 1141
16 1142
16 1143
15 1144
16 1145
16 1146
16 1147
15 1148
16 1149
16 1150
16 1151
15 1152
16 1153
16 1154
16 1155
15 1156
16 1157
16 1158
16 1159
15 1160
16 1161
16 1162
16 1163
15 1164
16 1165
16 1166
16 1167
15 1168
16 1169
16 1170
16 1171
15 1172
16 1173
16 1174
16 1175
15 1176
16 1177
16 1178
16 1179
16 1180
16 1181
16 1182
16 1183
16 1184
16 1185
16 1186
16 1187
16 1188
16 1189
16 1190
16 1191
16 1192
16 1193
16 1194
16 1195
16 1196
16 1197
16 1198
16 1199
16 1200
16 1201
16 1202
16 1203
16 1204
16 1205
16 1206
16 1207
16 1208
16 1209
16 1210
16 1211
16 1212
16 1213
16 1214
16 1215
16 1216
16 1217
16 1218
16 1219
16 1220
16 1221
16 1222
16 1223
16 1224
16 1225
16 1226
16 1227
16 1228
16 1229
16 1230
16 1231
16 1232
16 1233
16 1234
16 1235
16 1236
16 1237
16 1238
16 1239
16 1240
16 1241
16 1242
16 1243
16 1244
16 1245
16 1246
16 1247
16 1248
16 1249
16 1250
16 1251
16 1252
16 1253
16 1254
16 1255
16 1256
16 1257
16 1258
16 1259
16 1260
16 1261
16 1262
16 1263
16 1264
16 1265
16 1266
16 1267
16 1268
16 1269
16 1270
16 1271
16 1272
16 1273
16 1274
16 1275
16 1276
16 1277
16 1278
16 1279
16 1280
16 1281
16 1282
16 1283
16 1284
16 1285
16 1286
16 1287
16 1288
16 1289
16 1290
16 1291
16 1292
16 1293
16 1294
16 1295
16 1296
16 1297
16 1298
16 1299
16 1300
16 1301
16 1302
16 1303
16 1304
16 1305
16 1306
16 1307
16 1308
16 1309
16 1310
16 1311
16 1312
16 1313
16 1314
16 1315
16 1316
16 1317
16 1318
16 1319
16 1320
16 1321
16 1322
16 1323
16 1324
16 1325
16 1326
16 1327
16 1328
16 1329
16 1330
16 1331
16 1332
16 1333
16 1334
16 1335
16 1336
16 1337
16 1338
16 1339
16 1340
16 1341
16 1342
16 1343
16 1344
16 1345
16 1346
16 1347
16 1348
16 1349
16 1350
16 1351
16 1352
16 1353
16 1354
16 1355
16 1356
16 1357
16 1358
16 1359
16 1360
16 1361
16 1362
16 1363
16 1364
16 1365
16 1366
16 1367
16 1368
16 1369
16 1370
16 1371
16 1372
16 1373
16 1374
16 1375
16 1376
16 1377
16 1378
16 1379
16 1380
16 1381
16 1382
16 1383
16 1384
16 1385
16 1386
16 1387
16 1388
16 1389
16 1390
16 1391
16 1392
16 1393
16 1394
16 1395
16 1396
16 1397
16 1398
16 1399
16 1400
16 1401
16 1402
16 1403
16 1404
16 1405
16 1406
16 1407
16 1408
16 1409
16 1410
16 1411
16 1412
16 1413
16 1414
16 1415
16 1416
16 1417
16 1418
16 1419
16 1420
16 1421
16 1422
16 1423
16 1424
16 1425
16 1426
16 1427
16 1428
16 1429
16 1430
16 1431
16 1432
16 1433
16 1434
16 1435
16 1436
16 1437
16 1438
16 1439
16 1440
16 1441
16 1442
16 1443
16 1444
16 1445
16 1446
16 1447
16 1448
16 1449
16 1450
16 1451
16 1452
16 1453
16 1454
16 1455
16 1456
16 1457
16 1458
16 1459
16 1460
16 1461
16 1462
16 1463
16 1464
16 1465
16 1466
16 1467
16 1468
16 1469
16 1470
16 1471
16 1472
16 1473
16 1474
16 1475
16 1476
16 1477
16 1478
16 1479
16 1480
16 1481
16 1482
16 1483
16 1484
16 1485
16 1486
16 1487
16 1488
17 1489
16 1490
16 1491
16 1492
17 1493
16 1494
16 1495
16 1496
17 1497
16 1498
16 1499
16 1500
17 1501
16 1502
16 1503
16 1504
17 1505
16 1506
16 1507
16 1508
17 1509
16 1510
16 1511
16 1512
17 1513
16 1514
16 1515
16 1516
17 1517
16 1518
16 1519
16 1520
17 1521
16 1522
16 1523
16 1524
17 1525
16 1526
16 1527
16 1528
17 1529
16 1530
16 1531
16 1532
17 1533
16 1534
16 1535
16 1536
17 1537
16 1538
16 1539
16 1540
17 1541
16 1542
16 1543
16 1544
17 1545
16 1546
16 1547
16 1548
17 1549
16 1550
16 1551
16 1552
17 1553
16 1554
16 1555
16 1556
17 1557
16 1558
16 1559
16 1560
17 1561
16 1562
16 1563
16 1564
17 1565
16 1566
16 1567
16 1568
17 1569
16 1570
16 1571
16 1572
17 1573
16 1574
16 1575
16 1576
17 1577
16 1578
16 1579
16 1580
17 1581
16 1582
16 1583
16 1584
17 1585
16 1586
16 1587
16 1588
17 1589
16 1590
16 1591
16 1592
17 1593
16 1594
16 1595
16 1596
17 1597
16 1598
16 1599
16 1600
17 1601
16 1602
16 1603
16 1604
17 1605
16 1606
16 1607
16 1608
17 1609
16 1610
16 1611
16 1612
17 1613
16 1614
16 1615
16 1616
17 1617
16 1618
16 1619
16 1620
17 1621
16 1622
16 1623
16 1624
17 1625
16 1626
16 1627
16 1628
17 1629
16 1630
16 1631
16 1632
17 1633
16 1634
16 1635
16 1636
17 1637
16 1638
16 1639
16 1640
17 1641
16 1642
16 1643
16 1644
17 1645
16 1646
16 1647
16 1648
17 1649
16 1650
16 1651
16 1652
17 1653
16 1654
16 1655
16 1656
17 1657
16 1658
16 1659
16 1660
17 1661
16 1662
16 1663
16 1664
17 1665
16 1666
16 1667
16 1668
17 1669
16 1670
16 1671
16 1672
17 1673
16 1674
16 1675
16 1676
17 1677
16 1678
16 1679
16 1680
17 1681
16 1682
16 1683
16 1684
17 1685
16 1686
16 1687
16 1688
17 1689
16 1690
16 1691
16 1692
17 1693
16 1694
16 1695
16 1696
17 1697
16 1698
16 1699
16 1700
17 1701
16 1702
16 1703
16 1704
17 1705
16 1706
16 1707
16 1708
17 1709
16 1710
16 1711
16 1712
17 1713
16 1714
16 1715
16 1716
17 1717
16 1718
16 1719
16 1720
17 1721
16 1722
16 1723
16 1724
17 1725
16 1726
16 1727
16 1728
17 1729
16 1730
16 1731
16 1732
17 1733
16 1734
16 1735
16 1736
17 1737
16 1738
16 1739
16 1740
17 1741
16 1742
16 1743
16 1744
17 1745
16 1746
16 1747
16 1748
17 1749
16 1750
16 1751
16 1752
17 1753
16 1754
16 1755
16 1756
17 1757
16 1758
16 1759
16 1760
17 1761
16 1762
16 1763
16 1764
17 1765
16 1766
16 1767
16 1768
17 1769
16 1770
16 1771
16 1772
17 1773
16 1774
16 1775
16 1776
17 1777
16 1778
16 1779
16 1780
17 1781
16 1782
16 1783
16 1784
17 1785
16 1786
16 1787
16 1788
17 1789
16 1790
16 1791
16 1792
17 1793
16 1794
16 1795
16 1796
17 1797
16 1798
16 1799
16 1800
17 1801
16 1802
16 1803
16 1804
17 1805
16 1806
16 1807
16 1808
17 1809
16 1810
16 1811
16 1812
17 1813
16 1814
16 1815
16 1816
17 1817
16 1818
16 1819
16 1820
17 1821
16 1822
16 1823
16 1824
17 1825
16 1826
16 1827
16 1828
17 1829
16 1830
16 1831
16 1832
17 1833
16 1834
16 1835
16 1836
17 1837
16 1838
16 1839
16 1840
17 1841
16 1842
16 1843
16 1844
17 1845
16 1846
16 1847
16 1848
17 1849
16 1850
16 1851
16 1852
17 1853
16 1854
16 1855
16 1856
17 1857
16 1858
16 1859
16 1860
17 1861
16 1862
16 1863
16 1864
17 1865
16 1866
16 1867
16 1868
17 1869
16 1870
16 1871
16 1872
17 1873
16 1874
16 1875
16 1876
17 1877
16 1878
16 1879
16 1880
17 1881
16 1882
16 1883
16 1884
17 1885
16 1886
16 1887
16 1888
17 1889
16 1890
16 1891
16 1892
17 1893
16 1894
16 1895
16 1896
17 1897
16 1898
16 1899
16 1900
17 1901
16 1902
16 1903
16 1904
17 1905
16 1906
16 1907
16 1908
17 1909
16 1910
16 1911
16 1912
17 1913
16 1914
16 1915
16 1916
17 1917
16 1918
16 1919
16 1920
17 1921
16 1922
16 1923
16 1924
17 1925
16 1926
16 1927
16 1928
17 1929
16 1930
16 1931
16 1932
17 1933
16 1934
16 1935
16 1936
17 1937
16 1938
16 1939
16 1940
17 1941
16 1942
16 1943
16 1944
17 1945
16 1946
16 1947
16 1948
17 1949
16 1950
16 1951
16 1952
17 1953
16 1954
16 1955
16 1956
17 1957
16 1958
16 1959
16 1960
17 1961
16 1962
16 1963
16 1964
17 1965
16 1966
16 1967
16 1968
17 1969
16 1970
16 1971
16 1972
17 1973
16 1974
16 1975
16 1976
17 1977
16 1978
16 1979
16 1980
17 1981
16 1982
16 1983
16 1984
17 1985
16 1986
16 1987
16 1988
17 1989
16 1990
16 1991
16 1992
17 1993
16 1994
16 1995
16 1996
17 1997
16 1998
16 1999
16 2000
17 1489
