9 1
9 2
10 3
10 4
11 5
11 6
11 7
12 8
12 9
12 10
12 11
13 12
13 13
13 14
13 15
14 16
14 17
15 18
15 19
15 20
15 21
16 22
16 23
16 24
16 25
17 26
17 27
17 28
17 29
17 30
17 31
17 32
17 33
17 34
17 35
17 36
17 37
18 38
18 39
18 40
18 41
18 42
18 43
19 44
19 45
19 46
19 47
19 48
19 49
19 50
19 51
19 52
19 53
19 54
19 55
19 56
19 57
19 58
19 59
19 60
19 61
19 62
19 63
20 64
20 65
20 66
20 67
20 68
20 69
20 70
20 71
21 72
21 73
21 74
21 75
21 76
21 77
21 78
21 79
21 80
21 81
21 82
21 83
21 84
21 85
21 86
21 87
21 88
21 89
21 90
21 91
21 92
21 93
21 94
21 95
21 96
21 97
21 98
21 99
21 100
21 101
21 102
21 103
21 104
21 105
21 106
21 107
22 108
22 109
22 110
22 111
22 112
22 113
22 114
22 115
22 116
22 117
22 118
22 119
22 120
22 121
22 122
22 123
22 124
22 125
22 126
22 127
22 128
22 129
22 130
22 131
22 132
22 133
22 134
22 135
23 136
23 137
23 138
23 139
23 140
23 141
23 142
23 143
23 144
23 145
23 146
23 147
23 148
23 149
23 150
23 151
23 152
23 153
23 154
23 155
23 156
23 157
23 158
23 159
23 160
23 161
23 162
23 163
23 164
23 165
23 166
23 167
23 168
23 169
23 170
23 171
23 172
23 173
23 174
23 175
23 176
23 177
23 178
23 179
23 180
23 181
23 182
23 183
23 184
23 185
23 186
23 187
23 188
23 189
23 190
23 191
23 192
23 193
23 194
23 195
23 196
23 197
23 198
23 199
23 200
23 201
24 202
24 203
24 204
24 205
24 206
24 207
24 208
24 209
24 210
24 211
24 212
24 213
24 214
24 215
24 216
24 217
24 218
24 219
24 220
24 221
24 222
24 223
24 224
24 225
24 226
24 227
24 228
24 229
24 230
24 231
24 232
24 233
24 234
24 235
24 236
24 237
24 238
24 239
24 240
24 241
24 242
24 243
24 244
24 245
24 246
24 247
24 248
24 249
24 250
24 251
24 252
24 253
24 254
24 255
24 256
24 257
24 258
24 259
24 260
24 261
24 262
24 263
24 264
24 265
24 266
24 267
24 268
24 269
24 270
24 271
24 272
24 273
24 274
24 275
24 276
24 277
24 278
24 279
24 280
24 281
24 282
24 283
24 284
24 285
24 286
24 287
24 288
24 289
24 290
24 291
24 292
24 293
24 294
24 295
25 296
25 297
25 298
25 299
25 300
25 301
25 302
25 303
25 304
25 305
25 306
25 307
25 308
25 309
25 310
25 311
25 312
25 313
25 314
25 315
25 316
25 317
25 318
25 319
25 320
25 321
25 322
25 323
25 324
25 325
25 326
25 327
25 328
25 329
25 330
25 331
25 332
25 333
25 334
25 335
25 336
25 337
25 338
25 339
25 340
25 341
25 342
25 343
25 344
25 345
25 346
25 347
25 348
25 349
25 350
25 351
25 352
25 353
25 354
25 355
25 356
25 357
25 358
25 359
25 360
25 361
25 362
25 363
25 364
25 365
25 366
25 367
25 368
25 369
25 370
25 371
25 372
25 373
25 374
25 375
25 376
25 377
25 378
25 379
25 380
25 381
25 382
25 383
25 384
25 385
25 386
25 387
25 388
25 389
25 390
25 391
25 392
25 393
25 394
25 395
25 396
25 397
25 398
25 399
25 400
25 401
26 402
26 403
26 404
26 405
26 406
26 407
26 408
26 409
26 410
26 411
26 412
26 413
26 414
26 415
26 416
26 417
26 418
26 419
26 420
26 421
26 422
26 423
26 424
26 425
26 426
26 427
26 428
26 429
26 430
26 431
26 432
26 433
26 434
26 435
26 436
26 437
26 438
26 439
26 440
26 441
26 442
26 443
26 444
26 445
26 446
26 447
26 448
26 449
26 450
26 451
26 452
26 453
26 454
26 455
26 456
26 457
26 458
26 459
26 460
26 461
26 462
26 463
26 464
26 465
26 466
26 467
26 468
26 469
26 470
26 471
26 472
26 473
26 474
26 475
26 476
26 477
26 478
26 479
26 480
26 481
26 482
26 483
26 484
26 485
26 486
26 487
26 488
26 489
26 490
26 491
26 492
26 493
26 494
26 495
26 496
26 497
26 498
26 499
26 500
26 501
26 502
26 503
26 504
26 505
26 506
26 507
26 508
26 509
26 510
26 511
26 512
26 513
26 514
26 515
26 516
26 517
26 518
26 519
26 520
26 521
26 522
26 523
26 524
26 525
26 526
26 527
26 528
26 529
26 530
26 531
26 532
26 533
26 534
26 535
26 536
26 537
26 538
26 539
26 540
26 541
27 542
27 543
27 544
27 545
27 546
27 547
27 548
27 549
27 550
27 551
27 552
27 553
27 554
27 555
27 556
27 557
27 558
27 559
27 560
27 561
27 562
27 563
27 564
27 565
27 566
27 567
27 568
27 569
27 570
27 571
27 572
27 573
27 574
27 575
27 576
27 577
27 578
27 579
27 580
27 581
27 582
27 583
27 584
27 585
27 586
27 587
27 588
27 589
27 590
27 591
27 592
27 593
27 594
27 595
27 596
27 597
27 598
27 599
27 600
27 601
27 602
27 603
27 604
27 605
27 606
27 607
27 608
27 609
27 610
27 611
27 612
27 613
27 614
27 615
27 616
27 617
27 618
27 619
27 620
27 621
27 622
27 623
27 624
27 625
27 626
27 627
27 628
27 629
27 630
27 631
27 632
27 633
27 634
27 635
27 636
27 637
27 638
27 639
27 640
27 641
27 642
27 643
27 644
27 645
27 646
27 647
27 648
27 649
27 650
27 651
27 652
27 653
27 654
27 655
27 656
27 657
27 658
27 659
27 660
27 661
27 662
27 663
27 664
27 665
27 666
27 667
27 668
27 669
27 670
27 671
27 672
27 673
27 674
27 675
27 676
27 677
27 678
27 679
27 680
27 681
27 682
27 683
27 684
27 685
27 686
27 687
27 688
27 689
27 690
27 691
27 692
27 693
27 694
27 695
27 696
27 697
27 698
27 699
27 700
27 701
27 702
27 703
27 704
27 705
27 706
27 707
27 708
27 709
27 710
27 711
27 712
27 713
27 714
27 715
27 716
27 717
27 718
27 719
27 720
27 721
27 722
27 723
27 724
27 725
27 726
27 727
27 728
27 729
27 730
27 731
27 732
27 733
28 734
28 735
28 736
28 737
28 738
28 739
28 740
28 741
28 742
28 743
28 744
28 745
28 746
28 747
28 748
28 749
28 750
28 751
28 752
28 753
28 754
28 755
28 756
28 757
28 758
28 759
28 760
28 761
28 762
28 763
28 764
28 765
28 766
28 767
28 768
28 769
28 770
28 771
28 772
28 773
28 774
28 775
28 776
28 777
28 778
28 779
28 780
28 781
28 782
28 783
28 784
28 785
28 786
28 787
28 788
28 789
28 790
28 791
28 792
28 793
28 794
28 795
28 796
28 797
28 798
28 799
28 800
28 801
28 802
28 803
28 804
28 805
28 806
28 807
28 808
28 809
28 810
28 811
28 812
28 813
28 814
28 815
28 816
28 817
28 818
28 819
28 820
28 821
28 822
28 823
28 824
28 825
28 826
28 827
28 828
28 829
28 830
28 831
28 832
28 833
28 834
28 835
28 836
28 837
28 838
28 839
28 840
28 841
28 842
28 843
28 844
28 845
28 846
28 847
28 848
28 849
28 850
28 851
28 852
28 853
28 854
28 855
28 856
28 857
28 858
28 859
28 860
28 861
28 862
28 863
28 864
28 865
28 866
28 867
28 868
28 869
28 870
28 871
28 872
28 873
28 874
28 875
28 876
28 877
28 878
28 879
28 880
28 881
28 882
28 883
28 884
28 885
28 886
28 887
28 888
28 889
28 890
28 891
28 892
28 893
28 894
28 895
28 896
28 897
28 898
28 899
28 900
28 901
28 902
28 903
28 904
28 905
28 906
28 907
28 908
28 909
28 910
28 911
28 912
28 913
28 914
28 915
28 916
28 917
28 918
28 919
28 920
28 921
28 922
28 923
28 924
28 925
28 926
28 927
28 928
28 929
28 930
28 931
28 932
28 933
28 934
28 935
28 936
28 937
28 938
28 939
28 940
28 941
28 942
28 943
28 944
28 945
28 946
28 947
28 948
28 949
28 950
28 951
28 952
28 953
29 954
29 955
29 956
29 957
29 958
29 959
29 960
29 961
29 962
29 963
29 964
29 965
29 966
29 967
29 968
29 969
29 970
29 971
29 972
29 973
29 974
29 975
29 976
29 977
29 978
29 979
29 980
29 981
29 982
29 983
29 984
29 985
29 986
29 987
29 988
29 989
29 990
29 991
29 992
29 993
29 994
29 995
29 996
29 997
29 998
29 999
29 1000
29 1001
29 1002
29 1003
29 1004
29 1005
29 1006
29 1007
29 1008
29 1009
29 1010
29 1011
29 1012
29 1013
29 1014
29 1015
29 1016
29 1017
29 1018
29 1019
29 1020
29 1021
29 1022
29 1023
29 1024
29 1025
29 1026
29 1027
29 1028
29 1029
29 1030
29 1031
29 1032
29 1033
29 1034
29 1035
29 1036
29 1037
29 1038
29 1039
29 1040
29 1041
29 1042
29 1043
29 1044
29 1045
29 1046
29 1047
29 1048
29 1049
29 1050
29 1051
29 1052
29 1053
29 1054
29 1055
29 1056
29 1057
29 1058
29 1059
29 1060
29 1061
29 1062
29 1063
29 1064
29 1065
29 1066
29 1067
29 1068
29 1069
29 1070
29 1071
29 1072
29 1073
29 1074
29 1075
29 1076
29 1077
29 1078
29 1079
29 1080
29 1081
29 1082
29 1083
29 1084
29 1085
29 1086
29 1087
29 1088
29 1089
29 1090
29 1091
29 1092
29 1093
29 1094
29 1095
29 1096
29 1097
29 1098
29 1099
29 1100
29 1101
29 1102
29 1103
29 1104
29 1105
29 1106
29 1107
29 1108
29 1109
29 1110
29 1111
29 1112
29 1113
29 1114
29 1115
29 1116
29 1117
29 1118
29 1119
29 1120
29 1121
29 1122
29 1123
29 1124
29 1125
29 1126
29 1127
29 1128
29 1129
29 1130
29 1131
29 1132
29 1133
29 1134
29 1135
29 1136
29 1137
29 1138
29 1139
29 1140
29 1141
29 1142
29 1143
29 1144
29 1145
29 1146
29 1147
29 1148
29 1149
29 1150
29 1151
29 1152
29 1153
29 1154
29 1155
29 1156
29 1157
29 1158
29 1159
29 1160
29 1161
29 1162
29 1163
29 1164
29 1165
29 1166
29 1167
29 1168
29 1169
29 1170
29 1171
29 1172
29 1173
29 1174
29 1175
29 1176
29 1177
29 1178
29 1179
29 1180
29 1181
29 1182
29 1183
29 1184
29 1185
29 1186
29 1187
29 1188
29 1189
29 1190
29 1191
29 1192
29 1193
29 1194
29 1195
29 1196
29 1197
29 1198
29 1199
29 1200
29 1201
29 1202
29 1203
29 1204
29 1205
29 1206
29 1207
29 1208
29 1209
29 1210
29 1211
29 1212
29 1213
29 1214
29 1215
29 1216
29 1217
29 1218
29 1219
29 1220
29 1221
29 1222
29 1223
29 1224
29 1225
29 1226
29 1227
29 1228
29 1229
29 1230
29 1231
29 1232
29 1233
29 1234
29 1235
29 1236
29 1237
29 1238
29 1239
29 1240
29 1241
29 1242
29 1243
29 1244
29 1245
29 1246
29 1247
29 1248
29 1249
29 1250
29 1251
29 1252
29 1253
29 1254
29 1255
29 1256
29 1257
29 1258
29 1259
29 1260
29 1261
29 1262
29 1263
29 1264
29 1265
29 1266
29 1267
29 1268
29 1269
29 1270
29 1271
29 1272
29 1273
29 1274
29 1275
29 1276
29 1277
29 1278
29 1279
29 1280
29 1281
29 1282
30 1283
30 1284
30 1285
30 1286
30 1287
30 1288
30 1289
30 1290
30 1291
30 1292
30 1293
30 1294
30 1295
30 1296
30 1297
30 1298
30 1299
30 1300
30 1301
30 1302
30 1303
30 1304
30 1305
30 1306
30 1307
30 1308
30 1309
30 1310
30 1311
30 1312
30 1313
30 1314
30 1315
30 1316
30 1317
30 1318
30 1319
30 1320
30 1321
30 1322
30 1323
30 1324
30 1325
30 1326
30 1327
30 1328
30 1329
30 1330
30 1331
30 1332
30 1333
30 1334
30 1335
30 1336
30 1337
30 1338
30 1339
30 1340
30 1341
30 1342
30 1343
30 1344
30 1345
30 1346
30 1347
30 1348
30 1349
30 1350
30 1351
30 1352
30 1353
30 1354
30 1355
30 1356
30 1357
30 1358
30 1359
30 1360
30 1361
30 1362
30 1363
30 1364
30 1365
30 1366
30 1367
30 1368
30 1369
30 1370
30 1371
30 1372
30 1373
30 1374
30 1375
30 1376
30 1377
30 1378
30 1379
30 1380
30 1381
30 1382
30 1383
30 1384
30 1385
30 1386
30 1387
30 1388
30 1389
30 1390
30 1391
30 1392
30 1393
30 1394
30 1395
30 1396
30 1397
30 1398
30 1399
30 1400
30 1401
30 1402
30 1403
30 1404
30 1405
30 1406
30 1407
30 1408
30 1409
30 1410
30 1411
30 1412
30 1413
30 1414
30 1415
30 1416
30 1417
30 1418
30 1419
30 1420
30 1421
30 1422
30 1423
30 1424
30 1425
30 1426
30 1427
30 1428
30 1429
30 1430
30 1431
30 1432
30 1433
30 1434
30 1435
30 1436
30 1437
30 1438
30 1439
30 1440
30 1441
30 1442
30 1443
30 1444
30 1445
30 1446
30 1447
30 1448
30 1449
30 1450
30 1451
30 1452
30 1453
30 1454
30 1455
30 1456
30 1457
30 1458
30 1459
30 1460
30 1461
30 1462
30 1463
30 1464
30 1465
30 1466
30 1467
30 1468
30 1469
30 1470
30 1471
30 1472
30 1473
30 1474
30 1475
30 1476
30 1477
30 1478
30 1479
30 1480
30 1481
30 1482
30 1483
30 1484
30 1485
30 1486
30 1487
30 1488
30 1489
30 1490
30 1491
30 1492
30 1493
30 1494
30 1495
30 1496
30 1497
30 1498
30 1499
30 1500
30 1501
30 1502
30 1503
30 1504
30 1505
30 1506
30 1507
30 1508
30 1509
30 1510
30 1511
30 1512
30 1513
30 1514
30 1515
30 1516
30 1517
30 1518
30 1519
30 1520
30 1521
30 1522
30 1523
30 1524
30 1525
30 1526
30 1527
30 1528
30 1529
30 1530
30 1531
30 1532
30 1533
30 1534
30 1535
30 1536
30 1537
30 1538
30 1539
30 1540
30 1541
30 1542
30 1543
30 1544
30 1545
30 1546
30 1547
30 1548
30 1549
30 1550
30 1551
30 1552
30 1553
30 1554
30 1555
30 1556
30 1557
30 1558
30 1559
30 1560
30 1561
30 1562
30 1563
30 1564
30 1565
30 1566
30 1567
30 1568
30 1569
30 1570
30 1571
30 1572
30 1573
30 1574
30 1575
30 1576
30 1577
30 1578
30 1579
30 1580
30 1581
30 1582
30 1583
30 1584
30 1585
30 1586
30 1587
30 1588
30 1589
30 1590
30 1591
30 1592
30 1593
30 1594
30 1595
30 1596
30 1597
30 1598
30 1599
30 1600
30 1601
30 1602
30 1603
30 1604
30 1605
30 1606
30 1607
30 1608
30 1609
30 1610
30 1611
30 1612
30 1613
30 1614
30 1615
30 1616
30 1617
30 1618
30 1619
30 1620
30 1621
30 1622
30 1623
30 1624
30 1625
30 1626
30 1627
30 1628
30 1629
30 1630
30 1631
30 1632
30 1633
30 1634
30 1635
30 1636
30 1637
30 1638
30 1639
30 1640
30 1641
30 1642
30 1643
30 1644
30 1645
30 1646
30 1647
30 1648
30 1649
30 1650
30 1651
30 1652
30 1653
30 1654
30 1655
30 1656
30 1657
30 1658
30 1659
30 1660
30 1661
30 1662
30 1663
30 1664
30 1665
30 1666
30 1667
30 1668
30 1669
30 1670
30 1671
30 1672
30 1673
30 1674
30 1675
30 1676
30 1677
30 1678
30 1679
30 1680
30 1681
30 1682
30 1683
30 1684
30 1685
30 1686
30 1687
30 1688
30 1689
30 1690
30 1691
30 1692
30 1693
30 1694
30 1695
30 1696
30 1697
30 1698
30 1699
30 1700
30 1701
30 1702
30 1703
30 1704
31 1705
31 1706
31 1707
31 1708
31 1709
31 1710
31 1711
31 1712
31 1713
31 1714
31 1715
31 1716
31 1717
31 1718
31 1719
31 1720
31 1721
31 1722
31 1723
31 1724
31 1725
31 1726
31 1727
31 1728
31 1729
31 1730
31 1731
31 1732
31 1733
31 1734
31 1735
31 1736
31 1737
31 1738
31 1739
31 1740
31 1741
31 1742
31 1743
31 1744
31 1745
31 1746
31 1747
31 1748
31 1749
31 1750
31 1751
31 1752
31 1753
31 1754
31 1755
31 1756
31 1757
31 1758
31 1759
31 1760
31 1761
31 1762
31 1763
31 1764
31 1765
31 1766
31 1767
31 1768
31 1769
31 1770
31 1771
31 1772
31 1773
31 1774
31 1775
31 1776
31 1777
31 1778
31 1779
31 1780
31 1781
31 1782
31 1783
31 1784
31 1785
31 1786
31 1787
31 1788
31 1789
31 1790
31 1791
31 1792
31 1793
31 1794
31 1795
31 1796
31 1797
31 1798
31 1799
31 1800
31 1801
31 1802
31 1803
31 1804
31 1805
31 1806
31 1807
31 1808
31 1809
31 1810
31 1811
31 1812
31 1813
31 1814
31 1815
31 1816
31 1817
31 1818
31 1819
31 1820
31 1821
31 1822
31 1823
31 1824
31 1825
31 1826
31 1827
31 1828
31 1829
31 1830
31 1831
31 1832
31 1833
31 1834
31 1835
31 1836
31 1837
31 1838
31 1839
31 1840
31 1841
31 1842
31 1843
31 1844
31 1845
31 1846
31 1847
31 1848
31 1849
31 1850
31 1851
31 1852
31 1853
31 1854
31 1855
31 1856
31 1857
31 1858
31 1859
31 1860
31 1861
31 1862
31 1863
31 1864
31 1865
31 1866
31 1867
31 1868
31 1869
31 1870
31 1871
31 1872
31 1873
31 1874
31 1875
31 1876
31 1877
31 1878
31 1879
31 1880
31 1881
31 1882
31 1883
31 1884
31 1885
31 1886
31 1887
31 1888
31 1889
31 1890
31 1891
31 1892
31 1893
31 1894
31 1895
31 1896
31 1897
31 1898
31 1899
31 1900
31 1901
31 1902
31 1903
31 1904
31 1905
31 1906
31 1907
31 1908
31 1909
31 1910
31 1911
31 1912
31 1913
31 1914
31 1915
31 1916
31 1917
31 1918
31 1919
31 1920
31 1921
31 1922
31 1923
31 1924
31 1925
31 1926
31 1927
31 1928
31 1929
31 1930
31 1931
31 1932
31 1933
31 1934
31 1935
31 1936
31 1937
31 1938
31 1939
31 1940
31 1941
31 1942
31 1943
31 1944
31 1945
31 1946
31 1947
31 1948
31 1949
31 1950
31 1951
31 1952
31 1953
31 1954
31 1955
31 1956
31 1957
31 1958
31 1959
31 1960
31 1961
31 1962
31 1963
31 1964
31 1965
31 1966
31 1967
31 1968
31 1969
31 1970
31 1971
31 1972
31 1973
31 1974
31 1975
31 1976
31 1977
31 1978
31 1979
31 1980
31 1981
31 1982
31 1983
31 1984
31 1985
31 1986
31 1987
31 1988
31 1989
31 1990
31 1991
31 1992
31 1993
31 1994
31 1995
31 1996
31 1997
31 1998
31 1999
31 2000
31 1705
7 1
4 2
7 3
5 4
8 5
5 6
8 7
6 8
9 9
11 10
8 11
10 12
8 13
10 14
11 15
11 16
9 17
9 18
12 19
12 20
9 21
9 22
9 23
12 24
10 25
10 26
10 27
13 28
10 29
13 30
10 31
13 32
10 33
13 34
10 35
13 36
10 37
13 38
10 39
13 40
11 41
13 42
13 43
11 44
11 45
14 46
11 47
14 48
11 49
11 50
14 51
11 52
14 53
11 54
14 55
11 56
14 57
12 58
14 59
12 60
14 61
12 62
14 63
12 64
14 65
11 66
14 67
12 68
14 69
12 70
14 71
12 72
12 73
14 74
12 75
14 76
12 77
14 78
12 79
15 80
12 81
15 82
12 83
15 84
12 85
15 86
12 87
15 88
12 89
15 90
12 91
15 92
12 93
15 94
12 95
15 96
12 97
15 98
12 99
15 100
12 101
15 102
12 103
15 104
12 105
15 106
12 107
15 108
12 109
15 110
12 111
15 112
15 113
12 114
12 115
15 116
12 117
15 118
12 119
15 120
12 121
15 122
12 123
15 124
15 125
13 126
15 127
15 128
13 129
15 130
13 131
15 132
13 133
15 134
13 135
15 136
13 137
15 138
13 139
15 140
13 141
15 142
13 143
15 144
13 145
15 146
13 147
15 148
13 149
13 150
15 151
13 152
15 153
13 154
13 155
15 156
13 157
15 158
13 159
13 160
16 161
13 162
16 163
13 164
13 165
16 166
16 167
16 168
13 169
13 170
16 171
16 172
13 173
16 174
13 175
16 176
16 177
13 178
16 179
13 180
16 181
16 182
13 183
16 184
13 185
16 186
16 187
16 188
13 189
13 190
16 191
16 192
16 193
13 194
13 195
16 196
16 197
16 198
13 199
16 200
13 201
13 202
13 203
16 204
16 205
13 206
13 207
13 208
16 209
13 210
16 211
16 212
13 213
16 214
13 215
16 216
16 217
16 218
13 219
13 220
16 221
16 222
16 223
13 224
16 225
13 226
13 227
16 228
13 229
16 230
13 231
13 232
13 233
16 234
16 235
13 236
13 237
13 238
16 239
13 240
16 241
16 242
14 243
16 244
14 245
16 246
16 247
16 248
14 249
16 250
14 251
14 252
16 253
14 254
16 255
14 256
14 257
14 258
16 259
16 260
14 261
14 262
14 263
16 264
14 265
16 266
16 267
14 268
16 269
14 270
16 271
16 272
16 273
14 274
14 275
16 276
16 277
16 278
14 279
16 280
14 281
14 282
14 283
16 284
16 285
14 286
14 287
14 288
16 289
14 290
17 291
17 292
14 293
17 294
14 295
17 296
17 297
17 298
14 299
14 300
17 301
17 302
17 303
14 304
17 305
14 306
14 307
17 308
14 309
17 310
14 311
14 312
14 313
17 314
17 315
14 316
14 317
14 318
17 319
14 320
17 321
17 322
14 323
17 324
14 325
17 326
17 327
17 328
14 329
14 330
17 331
17 332
17 333
14 334
17 335
14 336
14 337
17 338
14 339
17 340
14 341
14 342
14 343
17 344
17 345
14 346
14 347
14 348
17 349
14 350
17 351
17 352
14 353
14 354
17 355
14 356
14 357
14 358
17 359
17 360
14 361
14 362
14 363
14 364
14 365
14 366
17 367
17 368
14 369
14 370
14 371
17 372
14 373
17 374
17 375
17 376
14 377
14 378
17 379
17 380
17 381
14 382
17 383
14 384
14 385
17 386
14 387
17 388
14 389
14 390
14 391
17 392
14 393
17 394
17 395
14 396
17 397
14 398
17 399
14 400
17 401
14 402
14 403
14 404
14 405
14 406
17 407
17 408
17 409
14 410
14 411
17 412
17 413
17 414
14 415
14 416
17 417
17 418
17 419
14 420
14 421
17 422
14 423
17 424
14 425
14 426
17 427
14 428
17 429
15 430
15 431
17 432
15 433
17 434
15 435
15 436
17 437
15 438
17 439
15 440
15 441
17 442
15 443
17 444
15 445
15 446
17 447
15 448
17 449
15 450
15 451
15 452
17 453
17 454
15 455
15 456
15 457
17 458
15 459
17 460
17 461
17 462
15 463
15 464
15 465
15 466
15 467
17 468
15 469
17 470
15 471
17 472
15 473
15 474
15 475
17 476
17 477
15 478
15 479
15 480
17 481
15 482
17 483
17 484
17 485
15 486
17 487
15 488
15 489
17 490
15 491
17 492
15 493
15 494
15 495
18 496
18 497
15 498
15 499
15 500
18 501
18 502
15 503
15 504
15 505
18 506
15 507
18 508
18 509
15 510
18 511
15 512
18 513
18 514
15 515
18 516
15 517
18 518
18 519
18 520
15 521
15 522
18 523
15 524
15 525
18 526
18 527
15 528
18 529
15 530
18 531
18 532
18 533
15 534
15 535
18 536
18 537
18 538
15 539
15 540
18 541
18 542
18 543
15 544
18 545
15 546
15 547
18 548
15 549
15 550
15 551
18 552
18 553
15 554
18 555
18 556
15 557
15 558
15 559
18 560
18 561
15 562
18 563
15 564
15 565
18 566
15 567
18 568
15 569
18 570
18 571
15 572
15 573
15 574
15 575
15 576
18 577
18 578
18 579
15 580
15 581
18 582
18 583
18 584
15 585
18 586
15 587
15 588
18 589
15 590
18 591
15 592
15 593
15 594
15 595
18 596
15 597
15 598
15 599
18 600
15 601
18 602
18 603
15 604
18 605
15 606
18 607
18 608
18 609
15 610
18 611
15 612
15 613
15 614
18 615
18 616
15 617
15 618
15 619
18 620
15 621
18 622
18 623
18 624
15 625
18 626
15 627
15 628
15 629
18 630
18 631
15 632
15 633
15 634
18 635
15 636
18 637
18 638
18 639
15 640
18 641
15 642
15 643
18 644
15 645
18 646
15 647
15 648
15 649
18 650
15 651
18 652
18 653
18 654
15 655
15 656
18 657
18 658
18 659
15 660
18 661
15 662
15 663
15 664
18 665
15 666
18 667
18 668
15 669
18 670
15 671
18 672
18 673
18 674
15 675
18 676
16 677
16 678
16 679
18 680
18 681
16 682
16 683
16 684
18 685
16 686
18 687
18 688
18 689
16 690
16 691
16 692
18 693
18 694
16 695
16 696
16 697
18 698
18 699
16 700
16 701
16 702
18 703
16 704
18 705
18 706
18 707
16 708
16 709
16 710
16 711
18 712
16 713
18 714
16 715
16 716
16 717
18 718
18 719
16 720
18 721
16 722
18 723
18 724
18 725
16 726
16 727
18 728
18 729
18 730
16 731
18 732
16 733
16 734
18 735
16 736
18 737
16 738
16 739
16 740
18 741
18 742
16 743
16 744
16 745
18 746
16 747
18 748
18 749
16 750
18 751
16 752
18 753
18 754
18 755
16 756
16 757
18 758
16 759
16 760
18 761
16 762
18 763
18 764
16 765
18 766
18 767
16 768
16 769
18 770
16 771
18 772
16 773
16 774
18 775
16 776
16 777
16 778
18 779
18 780
16 781
16 782
18 783
16 784
16 785
18 786
18 787
16 788
18 789
16 790
18 791
18 792
18 793
16 794
18 795
16 796
16 797
16 798
18 799
16 800
18 801
18 802
18 803
16 804
18 805
16 806
16 807
16 808
18 809
16 810
19 811
19 812
19 813
16 814
19 815
16 816
16 817
19 818
16 819
19 820
16 821
16 822
16 823
19 824
16 825
19 826
19 827
16 828
19 829
16 830
19 831
19 832
19 833
16 834
19 835
16 836
16 837
19 838
16 839
19 840
16 841
16 842
16 843
19 844
19 845
16 846
16 847
16 848
19 849
16 850
19 851
19 852
19 853
16 854
16 855
19 856
19 857
19 858
16 859
19 860
16 861
16 862
19 863
16 864
19 865
16 866
16 867
16 868
19 869
16 870
19 871
19 872
16 873
19 874
16 875
19 876
19 877
19 878
16 879
16 880
19 881
19 882
19 883
19 884
19 885
16 886
16 887
16 888
19 889
16 890
19 891
19 892
19 893
16 894
16 895
16 896
19 897
16 898
19 899
19 900
19 901
16 902
19 903
16 904
16 905
19 906
16 907
19 908
16 909
16 910
16 911
19 912
19 913
16 914
16 915
16 916
19 917
16 918
19 919
19 920
19 921
16 922
16 923
19 924
19 925
19 926
16 927
19 928
16 929
16 930
19 931
16 932
19 933
16 934
16 935
16 936
19 937
16 938
19 939
19 940
16 941
19 942
16 943
19 944
19 945
19 946
16 947
19 948
16 949
16 950
19 951
16 952
19 953
16 954
16 955
16 956
19 957
16 958
19 959
19 960
19 961
16 962
16 963
19 964
19 965
19 966
16 967
19 968
16 969
16 970
16 971
19 972
19 973
16 974
16 975
16 976
19 977
16 978
19 979
19 980
19 981
16 982
19 983
16 984
19 985
19 986
16 987
16 988
19 989
16 990
16 991
19 992
19 993
19 994
16 995
19 996
16 997
16 998
16 999
19 1000
16 1001
19 1002
19 1003
16 1004
16 1005
19 1006
16 1007
16 1008
19 1009
16 1010
19 1011
16 1012
16 1013
16 1014
19 1015
16 1016
19 1017
19 1018
16 1019
19 1020
16 1021
19 1022
19 1023
19 1024
16 1025
19 1026
16 1027
16 1028
16 1029
19 1030
16 1031
19 1032
19 1033
19 1034
16 1035
16 1036
16 1037
19 1038
16 1039
19 1040
19 1041
16 1042
19 1043
16 1044
19 1045
19 1046
19 1047
16 1048
19 1049
16 1050
16 1051
19 1052
16 1053
19 1054
16 1055
16 1056
16 1057
19 1058
16 1059
19 1060
19 1061
16 1062
19 1063
16 1064
19 1065
19 1066
19 1067
16 1068
19 1069
16 1070
16 1071
16 1072
19 1073
16 1074
19 1075
19 1076
19 1077
16 1078
19 1079
19 1080
19 1081
19 1082
16 1083
19 1084
16 1085
16 1086
19 1087
16 1088
19 1089
16 1090
16 1091
16 1092
19 1093
16 1094
19 1095
19 1096
19 1097
16 1098
19 1099
16 1100
16 1101
19 1102
16 1103
19 1104
16 1105
16 1106
16 1107
19 1108
16 1109
19 1110
19 1111
19 1112
16 1113
19 1114
16 1115
16 1116
19 1117
16 1118
19 1119
16 1120
17 1121
17 1122
19 1123
17 1124
19 1125
19 1126
19 1127
17 1128
19 1129
17 1130
17 1131
19 1132
17 1133
19 1134
17 1135
17 1136
17 1137
19 1138
17 1139
19 1140
19 1141
19 1142
17 1143
19 1144
17 1145
17 1146
19 1147
17 1148
19 1149
17 1150
19 1151
17 1152
19 1153
19 1154
19 1155
17 1156
19 1157
17 1158
19 1159
19 1160
17 1161
19 1162
17 1163
19 1164
17 1165
19 1166
17 1167
19 1168
17 1169
17 1170
19 1171
19 1172
19 1173
17 1174
17 1175
19 1176
19 1177
19 1178
17 1179
19 1180
17 1181
17 1182
19 1183
17 1184
19 1185
17 1186
17 1187
17 1188
19 1189
17 1190
19 1191
19 1192
19 1193
17 1194
17 1195
19 1196
19 1197
19 1198
17 1199
19 1200
17 1201
17 1202
17 1203
19 1204
17 1205
19 1206
19 1207
17 1208
19 1209
17 1210
19 1211
19 1212
19 1213
17 1214
19 1215
17 1216
17 1217
17 1218
19 1219
19 1220
17 1221
17 1222
17 1223
19 1224
17 1225
19 1226
19 1227
19 1228
17 1229
19 1230
17 1231
17 1232
19 1233
17 1234
19 1235
17 1236
17 1237
17 1238
19 1239
17 1240
19 1241
19 1242
19 1243
17 1244
17 1245
19 1246
17 1247
19 1248
17 1249
17 1250
17 1251
19 1252
17 1253
19 1254
17 1255
17 1256
19 1257
17 1258
19 1259
19 1260
19 1261
17 1262
17 1263
19 1264
19 1265
19 1266
17 1267
19 1268
17 1269
17 1270
17 1271
19 1272
17 1273
19 1274
19 1275
17 1276
19 1277
17 1278
19 1279
19 1280
19 1281
17 1282
19 1283
17 1284
17 1285
17 1286
19 1287
17 1288
19 1289
19 1290
19 1291
17 1292
17 1293
19 1294
17 1295
19 1296
17 1297
19 1298
17 1299
17 1300
17 1301
19 1302
19 1303
17 1304
17 1305
17 1306
19 1307
17 1308
19 1309
19 1310
19 1311
17 1312
17 1313
19 1314
19 1315
19 1316
17 1317
19 1318
17 1319
17 1320
19 1321
17 1322
19 1323
17 1324
19 1325
19 1326
17 1327
17 1328
17 1329
19 1330
17 1331
19 1332
19 1333
17 1334
19 1335
17 1336
19 1337
19 1338
17 1339
19 1340
17 1341
19 1342
19 1343
19 1344
17 1345
17 1346
19 1347
19 1348
19 1349
17 1350
19 1351
17 1352
17 1353
17 1354
19 1355
19 1356
17 1357
17 1358
17 1359
19 1360
17 1361
19 1362
19 1363
17 1364
19 1365
17 1366
19 1367
19 1368
19 1369
17 1370
17 1371
19 1372
19 1373
19 1374
20 1375
17 1376
20 1377
20 1378
17 1379
17 1380
17 1381
20 1382
20 1383
20 1384
17 1385
20 1386
17 1387
17 1388
20 1389
20 1390
17 1391
20 1392
20 1393
17 1394
20 1395
17 1396
20 1397
20 1398
20 1399
17 1400
17 1401
20 1402
20 1403
20 1404
17 1405
20 1406
17 1407
17 1408
20 1409
17 1410
20 1411
17 1412
17 1413
17 1414
20 1415
20 1416
17 1417
17 1418
17 1419
20 1420
17 1421
20 1422
20 1423
17 1424
20 1425
20 1426
20 1427
17 1428
20 1429
17 1430
17 1431
20 1432
17 1433
20 1434
17 1435
17 1436
17 1437
20 1438
20 1439
17 1440
17 1441
17 1442
20 1443
17 1444
20 1445
20 1446
17 1447
20 1448
17 1449
20 1450
20 1451
20 1452
17 1453
17 1454
20 1455
20 1456
20 1457
17 1458
20 1459
17 1460
17 1461
20 1462
17 1463
20 1464
17 1465
17 1466
17 1467
20 1468
20 1469
17 1470
17 1471
17 1472
20 1473
17 1474
20 1475
20 1476
17 1477
20 1478
17 1479
20 1480
20 1481
20 1482
17 1483
17 1484
20 1485
20 1486
20 1487
17 1488
20 1489
17 1490
17 1491
20 1492
17 1493
20 1494
17 1495
17 1496
17 1497
20 1498
20 1499
17 1500
17 1501
17 1502
20 1503
17 1504
20 1505
20 1506
17 1507
20 1508
17 1509
20 1510
20 1511
20 1512
17 1513
17 1514
17 1515
17 1516
17 1517
20 1518
17 1519
20 1520
20 1521
17 1522
20 1523
17 1524
20 1525
20 1526
20 1527
17 1528
17 1529
20 1530
20 1531
20 1532
17 1533
20 1534
17 1535
17 1536
17 1537
20 1538
20 1539
17 1540
17 1541
17 1542
20 1543
17 1544
20 1545
20 1546
17 1547
20 1548
17 1549
20 1550
20 1551
20 1552
17 1553
20 1554
17 1555
17 1556
20 1557
17 1558
20 1559
17 1560
17 1561
17 1562
20 1563
20 1564
17 1565
17 1566
17 1567
20 1568
17 1569
20 1570
20 1571
20 1572
17 1573
17 1574
17 1575
17 1576
20 1577
17 1578
20 1579
17 1580
20 1581
17 1582
20 1583
20 1584
17 1585
20 1586
17 1587
20 1588
20 1589
20 1590
17 1591
17 1592
20 1593
20 1594
20 1595
17 1596
20 1597
17 1598
17 1599
20 1600
17 1601
20 1602
17 1603
17 1604
17 1605
20 1606
20 1607
17 1608
20 1609
17 1610
20 1611
17 1612
20 1613
20 1614
17 1615
20 1616
17 1617
20 1618
20 1619
20 1620
17 1621
20 1622
17 1623
17 1624
20 1625
17 1626
20 1627
17 1628
17 1629
17 1630
20 1631
20 1632
17 1633
17 1634
17 1635
20 1636
17 1637
20 1638
20 1639
20 1640
17 1641
17 1642
20 1643
20 1644
20 1645
17 1646
17 1647
17 1648
20 1649
20 1650
17 1651
17 1652
17 1653
20 1654
17 1655
20 1656
20 1657
20 1658
17 1659
17 1660
20 1661
20 1662
20 1663
17 1664
20 1665
17 1666
17 1667
20 1668
17 1669
20 1670
17 1671
17 1672
17 1673
20 1674
17 1675
20 1676
20 1677
17 1678
17 1679
17 1680
20 1681
20 1682
20 1683
17 1684
17 1685
20 1686
20 1687
20 1688
17 1689
20 1690
17 1691
17 1692
17 1693
20 1694
17 1695
20 1696
20 1697
20 1698
17 1699
17 1700
20 1701
20 1702
20 1703
17 1704
20 1705
17 1706
17 1707
17 1708
20 1709
17 1710
20 1711
20 1712
20 1713
17 1714
17 1715
20 1716
20 1717
20 1718
17 1719
20 1720
17 1721
17 1722
17 1723
20 1724
17 1725
20 1726
20 1727
20 1728
17 1729
17 1730
20 1731
20 1732
20 1733
17 1734
20 1735
17 1736
17 1737
17 1738
20 1739
17 1740
20 1741
20 1742
20 1743
17 1744
17 1745
20 1746
20 1747
20 1748
17 1749
20 1750
17 1751
17 1752
17 1753
20 1754
17 1755
20 1756
20 1757
20 1758
17 1759
17 1760
20 1761
20 1762
20 1763
17 1764
20 1765
17 1766
17 1767
17 1768
20 1769
17 1770
20 1771
20 1772
20 1773
17 1774
17 1775
20 1776
20 1777
20 1778
17 1779
20 1780
17 1781
17 1782
17 1783
20 1784
17 1785
20 1786
20 1787
20 1788
17 1789
17 1790
20 1791
20 1792
20 1793
17 1794
20 1795
17 1796
17 1797
17 1798
20 1799
17 1800
20 1801
20 1802
20 1803
17 1804
17 1805
20 1806
20 1807
20 1808
17 1809
20 1810
17 1811
17 1812
17 1813
20 1814
17 1815
20 1816
20 1817
20 1818
17 1819
17 1820
20 1821
20 1822
20 1823
17 1824
20 1825
17 1826
17 1827
17 1828
20 1829
17 1830
20 1831
20 1832
20 1833
17 1834
17 1835
20 1836
20 1837
20 1838
17 1839
20 1840
17 1841
17 1842
17 1843
20 1844
17 1845
20 1846
20 1847
20 1848
17 1849
17 1850
20 1851
20 1852
20 1853
17 1854
20 1855
17 1856
17 1857
17 1858
20 1859
18 1860
20 1861
20 1862
20 1863
18 1864
18 1865
20 1866
20 1867
20 1868
18 1869
20 1870
18 1871
18 1872
18 1873
20 1874
18 1875
20 1876
20 1877
20 1878
18 1879
18 1880
20 1881
20 1882
20 1883
18 1884
20 1885
18 1886
18 1887
20 1888
18 1889
18 1890
18 1891
20 1892
18 1893
20 1894
20 1895
20 1896
18 1897
20 1898
18 1899
18 1900
20 1901
18 1902
20 1903
18 1904
18 1905
18 1906
20 1907
18 1908
20 1909
20 1910
20 1911
18 1912
20 1913
18 1914
18 1915
20 1916
18 1917
20 1918
18 1919
18 1920
18 1921
20 1922
18 1923
20 1924
20 1925
20 1926
18 1927
18 1928
20 1929
20 1930
20 1931
18 1932
20 1933
18 1934
18 1935
18 1936
20 1937
18 1938
20 1939
20 1940
20 1941
18 1942
18 1943
18 1944
18 1945
20 1946
18 1947
20 1948
18 1949
18 1950
18 1951
20 1952
18 1953
20 1954
18 1955
20 1956
18 1957
18 1958
18 1959
20 1960
20 1961
18 1962
18 1963
18 1964
20 1965
18 1966
20 1967
20 1968
20 1969
18 1970
20 1971
18 1972
18 1973
20 1974
18 1975
20 1976
18 1977
18 1978
18 1979
20 1980
18 1981
20 1982
20 1983
20 1984
18 1985
20 1986
18 1987
18 1988
20 1989
18 1990
20 1991
18 1992
18 1993
18 1994
20 1995
18 1996
20 1997
20 1998
20 1999
18 2000
20 1375
7 1
4 2
3 3
8 4
4 5
5 6
7 7
5 8
8 9
6 10
11 11
8 12
11 13
7 14
8 15
7 16
6 17
12 18
9 19
7 20
6 21
12 22
9 23
9 24
9 25
8 26
12 27
7 28
13 29
8 30
7 31
13 32
9 33
8 34
8 35
7 36
13 37
9 38
8 39
7 40
13 41
9 42
8 43
7 44
13 45
7 46
13 47
9 48
10 49
8 50
7 51
13 52
9 53
8 54
7 55
8 56
7 57
13 58
10 59
13 60
10 61
9 62
8 63
13 64
10 65
8 66
7 67
13 68
10 69
8 70
7 71
13 72
10 73
9 74
7 75
13 76
9 77
7 78
13 79
10 80
8 81
8 82
10 83
9 84
7 85
13 86
10 87
14 88
10 89
9 90
8 91
14 92
10 93
8 94
8 95
13 96
9 97
8 98
8 99
13 100
8 101
13 102
8 103
8 104
14 105
9 106
8 107
8 108
9 109
8 110
13 111
8 112
13 113
8 114
13 115
8 116
8 117
8 118
8 119
14 120
8 121
10 122
9 123
8 124
9 125
14 126
10 127
8 128
9 129
14 130
10 131
14 132
9 133
8 134
10 135
14 136
10 137
9 138
10 139
14 140
10 141
8 142
9 143
8 144
14 145
8 146
10 147
9 148
14 149
8 150
10 151
9 152
10 153
8 154
14 155
9 156
10 157
9 158
8 159
9 160
10 161
9 162
14 163
8 164
14 165
10 166
14 167
9 168
8 169
10 170
14 171
9 172
8 173
9 174
14 175
10 176
8 177
9 178
14 179
10 180
14 181
9 182
8 183
10 184
14 185
10 186
9 187
10 188
14 189
10 190
8 191
9 192
8 193
14 194
8 195
9 196
8 197
10 198
14 199
11 200
9 201
11 202
8 203
14 204
9 205
11 206
8 207
14 208
8 209
11 210
9 211
14 212
8 213
14 214
11 215
14 216
8 217
14 218
9 219
11 220
9 221
8 222
9 223
14 224
11 225
8 226
9 227
14 228
11 229
14 230
9 231
8 232
11 233
14 234
11 235
9 236
9 237
14 238
11 239
8 240
9 241
8 242
14 243
14 244
14 245
11 246
8 247
9 248
14 249
11 250
11 251
8 252
14 253
11 254
14 255
10 256
8 257
11 258
14 259
10 260
8 261
10 262
14 263
11 264
8 265
10 266
14 267
11 268
14 269
10 270
9 271
11 272
14 273
10 274
9 275
10 276
14 277
10 278
11 279
9 280
11 281
10 282
14 283
9 284
14 285
10 286
10 287
14 288
11 289
9 290
10 291
9 292
14 293
10 294
11 295
10 296
9 297
10 298
14 299
11 300
9 301
10 302
9 303
14 304
9 305
11 306
9 307
14 308
9 309
14 310
11 311
14 312
10 313
15 314
11 315
15 316
11 317
10 318
11 319
15 320
9 321
10 322
11 323
10 324
9 325
10 326
15 327
9 328
15 329
9 330
11 331
10 332
15 333
9 334
15 335
10 336
11 337
9 338
15 339
10 340
11 341
10 342
9 343
10 344
11 345
10 346
15 347
9 348
15 349
11 350
15 351
10 352
9 353
11 354
15 355
11 356
10 357
11 358
9 359
15 360
10 361
11 362
15 363
11 364
9 365
10 366
9 367
15 368
9 369
11 370
10 371
15 372
9 373
15 374
11 375
15 376
10 377
9 378
11 379
15 380
10 381
9 382
10 383
10 384
9 385
15 386
9 387
10 388
9 389
11 390
15 391
9 392
15 393
9 394
11 395
10 396
15 397
15 398
11 399
10 400
15 401
9 402
15 403
11 404
15 405
10 406
9 407
11 408
15 409
10 410
9 411
10 412
9 413
15 414
10 415
11 416
9 417
15 418
9 419
10 420
9 421
11 422
15 423
11 424
10 425
11 426
15 427
11 428
9 429
10 430
9 431
15 432
9 433
10 434
9 435
11 436
15 437
10 438
9 439
10 440
15 441
11 442
9 443
10 444
15 445
11 446
15 447
9 448
15 449
10 450
11 451
10 452
9 453
10 454
11 455
10 456
15 457
9 458
15 459
11 460
15 461
9 462
15 463
10 464
12 465
9 466
15 467
9 468
12 469
10 470
15 471
9 472
12 473
10 474
12 475
9 476
15 477
10 478
12 479
9 480
15 481
9 482
12 483
9 484
15 485
9 486
12 487
9 488
12 489
12 490
10 491
9 492
10 493
12 494
10 495
15 496
12 497
10 498
9 499
10 500
12 501
10 502
15 503
10 504
15 505
12 506
9 507
10 508
9 509
12 510
9 511
10 512
9 513
12 514
15 515
12 516
10 517
12 518
9 519
15 520
10 521
12 522
9 523
12 524
10 525
12 526
10 527
15 528
9 529
12 530
15 531
9 532
12 533
10 534
15 535
9 536
15 537
10 538
15 539
9 540
12 541
10 542
12 543
9 544
15 545
15 546
9 547
15 548
12 549
15 550
10 551
9 552
10 553
12 554
10 555
9 556
10 557
12 558
10 559
12 560
15 561
12 562
10 563
12 564
15 565
12 566
9 567
10 568
15 569
12 570
15 571
10 572
9 573
10 574
12 575
10 576
9 577
10 578
15 579
12 580
9 581
10 582
15 583
12 584
15 585
10 586
9 587
12 588
15 589
10 590
9 591
10 592
15 593
12 594
9 595
10 596
15 597
12 598
15 599
11 600
9 601
12 602
15 603
12 604
11 605
12 606
15 607
12 608
9 609
11 610
9 611
15 612
9 613
11 614
15 615
12 616
15 617
11 618
9 619
11 620
15 621
11 622
9 623
11 624
15 625
12 626
9 627
11 628
15 629
12 630
15 631
10 632
15 633
11 634
12 635
11 636
10 637
11 638
15 639
12 640
10 641
11 642
15 643
12 644
15 645
11 646
10 647
12 648
15 649
11 650
11 651
12 652
15 653
12 654
10 655
11 656
15 657
12 658
15 659
11 660
10 661
12 662
15 663
11 664
10 665
11 666
15 667
12 668
10 669
11 670
15 671
12 672
15 673
11 674
10 675
12 676
15 677
11 678
10 679
11 680
15 681
12 682
10 683
11 684
15 685
12 686
10 687
11 688
15 689
12 690
15 691
10 692
15 693
11 694
12 695
11 696
10 697
11 698
11 699
11 700
15 701
10 702
12 703
11 704
12 705
16 706
16 707
11 708
12 709
10 710
16 711
10 712
11 713
10 714
12 715
16 716
12 717
11 718
12 719
12 720
11 721
10 722
11 723
16 724
12 725
10 726
11 727
16 728
12 729
16 730
11 731
10 732
12 733
16 734
11 735
10 736
11 737
16 738
12 739
10 740
11 741
16 742
12 743
16 744
11 745
10 746
12 747
16 748
11 749
10 750
11 751
12 752
11 753
16 754
11 755
16 756
12 757
16 758
10 759
16 760
11 761
12 762
11 763
10 764
11 765
12 766
11 767
16 768
10 769
12 770
11 771
12 772
10 773
16 774
11 775
12 776
10 777
16 778
10 779
11 780
10 781
12 782
16 783
12 784
11 785
12 786
16 787
12 788
10 789
11 790
16 791
12 792
16 793
11 794
10 795
12 796
16 797
11 798
10 799
11 800
12 801
11 802
16 803
10 804
16 805
12 806
10 807
11 808
16 809
11 810
12 811
11 812
10 813
12 814
16 815
11 816
16 817
10 818
10 819
16 820
12 821
16 822
10 823
16 824
11 825
12 826
10 827
16 828
10 829
12 830
11 831
16 832
10 833
12 834
11 835
12 836
10 837
16 838
11 839
12 840
10 841
16 842
10 843
11 844
10 845
12 846
16 847
12 848
11 849
12 850
16 851
12 852
10 853
11 854
10 855
16 856
10 857
11 858
10 859
12 860
16 861
11 862
10 863
11 864
16 865
12 866
10 867
12 868
16 869
12 870
10 871
11 872
10 873
12 874
10 875
12 876
11 877
16 878
10 879
12 880
10 881
12 882
16 883
12 884
10 885
11 886
10 887
12 888
10 889
11 890
10 891
12 892
16 893
12 894
10 895
11 896
12 897
11 898
16 899
10 900
16 901
12 902
10 903
12 904
11 905
16 906
10 907
16 908
12 909
16 910
10 911
16 912
11 913
12 914
11 915
10 916
10 917
12 918
11 919
16 920
10 921
16 922
12 923
10 924
11 925
10 926
16 927
10 928
12 929
11 930
16 931
10 932
12 933
11 934
12 935
10 936
16 937
11 938
12 939
11 940
10 941
11 942
16 943
10 944
11 945
12 946
11 947
10 948
11 949
16 950
11 951
10 952
11 953
16 954
12 955
16 956
11 957
10 958
16 959
10 960
16 961
12 962
16 963
10 964
16 965
11 966
12 967
11 968
10 969
11 970
12 971
11 972
16 973
10 974
12 975
11 976
12 977
10 978
16 979
11 980
12 981
11 982
10 983
11 984
12 985
11 986
16 987
10 988
16 989
12 990
16 991
11 992
10 993
16 994
10 995
11 996
10 997
12 998
16 999
12 1000
11 1001
12 1002
10 1003
16 1004
11 1005
12 1006
10 1007
16 1008
10 1009
12 1010
11 1011
16 1012
10 1013
16 1014
12 1015
16 1016
10 1017
16 1018
11 1019
12 1020
11 1021
10 1022
11 1023
16 1024
12 1025
10 1026
11 1027
16 1028
12 1029
16 1030
11 1031
10 1032
12 1033
16 1034
12 1035
11 1036
12 1037
16 1038
12 1039
10 1040
11 1041
10 1042
16 1043
10 1044
12 1045
11 1046
16 1047
10 1048
12 1049
11 1050
12 1051
10 1052
16 1053
11 1054
12 1055
11 1056
16 1057
10 1058
12 1059
11 1060
16 1061
10 1062
11 1063
11 1064
12 1065
10 1066
16 1067
11 1068
12 1069
16 1070
16 1071
10 1072
12 1073
11 1074
16 1075
10 1076
12 1077
11 1078
12 1079
10 1080
16 1081
11 1082
12 1083
11 1084
10 1085
11 1086
12 1087
11 1088
16 1089
10 1090
16 1091
12 1092
16 1093
10 1094
16 1095
11 1096
12 1097
11 1098
16 1099
10 1100
12 1101
11 1102
16 1103
10 1104
16 1105
12 1106
10 1107
11 1108
16 1109
12 1110
16 1111
10 1112
10 1113
12 1114
16 1115
12 1116
11 1117
12 1118
16 1119
13 1120
10 1121
11 1122
10 1123
16 1124
16 1125
11 1126
11 1127
16 1128
10 1129
13 1130
11 1131
13 1132
10 1133
16 1134
11 1135
13 1136
10 1137
16 1138
10 1139
13 1140
11 1141
16 1142
10 1143
16 1144
13 1145
16 1146
16 1147
16 1148
13 1149
16 1150
11 1151
10 1152
13 1153
13 1154
11 1155
10 1156
11 1157
16 1158
13 1159
10 1160
10 1161
16 1162
13 1163
16 1164
11 1165
10 1166
13 1167
13 1168
11 1169
10 1170
11 1171
16 1172
13 1173
16 1174
10 1175
13 1176
11 1177
13 1178
16 1179
13 1180
10 1181
11 1182
10 1183
16 1184
10 1185
11 1186
10 1187
13 1188
16 1189
11 1190
10 1191
11 1192
16 1193
13 1194
10 1195
11 1196
16 1197
13 1198
16 1199
10 1200
16 1201
11 1202
13 1203
11 1204
10 1205
11 1206
13 1207
11 1208
16 1209
10 1210
13 1211
11 1212
13 1213
10 1214
16 1215
11 1216
13 1217
10 1218
16 1219
10 1220
11 1221
10 1222
13 1223
16 1224
13 1225
11 1226
13 1227
16 1228
13 1229
10 1230
11 1231
16 1232
13 1233
16 1234
11 1235
10 1236
13 1237
16 1238
11 1239
10 1240
11 1241
13 1242
11 1243
16 1244
10 1245
16 1246
13 1247
16 1248
10 1249
16 1250
11 1251
13 1252
10 1253
16 1254
10 1255
13 1256
11 1257
16 1258
10 1259
13 1260
11 1261
13 1262
16 1263
13 1264
10 1265
11 1266
10 1267
16 1268
10 1269
11 1270
10 1271
13 1272
16 1273
11 1274
10 1275
11 1276
16 1277
13 1278
10 1279
11 1280
16 1281
13 1282
16 1283
10 1284
16 1285
11 1286
13 1287
11 1288
10 1289
11 1290
13 1291
11 1292
16 1293
10 1294
13 1295
11 1296
13 1297
10 1298
16 1299
11 1300
13 1301
10 1302
16 1303
10 1304
11 1305
10 1306
13 1307
16 1308
13 1309
11 1310
13 1311
16 1312
13 1313
10 1314
10 1315
13 1316
11 1317
13 1318
16 1319
13 1320
10 1321
11 1322
10 1323
16 1324
11 1325
13 1326
10 1327
16 1328
16 1329
11 1330
10 1331
13 1332
16 1333
13 1334
11 1335
11 1336
16 1337
13 1338
10 1339
11 1340
16 1341
13 1342
16 1343
11 1344
10 1345
13 1346
16 1347
11 1348
10 1349
10 1350
16 1351
13 1352
10 1353
11 1354
16 1355
13 1356
13 1357
10 1358
16 1359
12 1360
13 1361
10 1362
16 1363
16 1364
13 1365
12 1366
10 1367
12 1368
13 1369
12 1370
13 1371
10 1372
13 1373
12 1374
13 1375
10 1376
16 1377
10 1378
13 1379
10 1380
16 1381
10 1382
13 1383
12 1384
13 1385
10 1386
13 1387
12 1388
13 1389
16 1390
13 1391
16 1392
12 1393
10 1394
16 1395
10 1396
12 1397
10 1398
12 1399
13 1400
10 1401
16 1402
10 1403
13 1404
12 1405
13 1406
12 1407
10 1408
16 1409
10 1410
12 1411
10 1412
12 1413
16 1414
12 1415
10 1416
12 1417
16 1418
13 1419
16 1420
12 1421
16 1422
13 1423
16 1424
11 1425
16 1426
11 1427
13 1428
12 1429
11 1430
12 1431
13 1432
12 1433
16 1434
12 1435
13 1436
12 1437
16 1438
11 1439
16 1440
12 1441
16 1442
11 1443
16 1444
12 1445
13 1446
11 1447
13 1448
11 1449
13 1450
12 1451
16 1452
11 1453
13 1454
11 1455
13 1456
16 1457
13 1458
11 1459
12 1460
11 1461
13 1462
11 1463
12 1464
11 1465
13 1466
16 1467
12 1468
16 1469
12 1470
16 1471
13 1472
11 1473
12 1474
13 1475
12 1476
12 1477
13 1478
12 1479
16 1480
11 1481
16 1482
13 1483
16 1484
11 1485
16 1486
12 1487
13 1488
11 1489
16 1490
11 1491
13 1492
12 1493
16 1494
11 1495
13 1496
11 1497
13 1498
16 1499
13 1500
11 1501
12 1502
11 1503
13 1504
13 1505
16 1506
13 1507
11 1508
12 1509
11 1510
16 1511
12 1512
13 1513
11 1514
16 1515
11 1516
12 1517
16 1518
13 1519
16 1520
13 1521
12 1522
13 1523
16 1524
12 1525
11 1526
12 1527
16 1528
13 1529
16 1530
12 1531
16 1532
13 1533
16 1534
12 1535
11 1536
12 1537
13 1538
11 1539
16 1540
11 1541
16 1542
13 1543
16 1544
11 1545
13 1546
12 1547
13 1548
11 1549
16 1550
11 1551
12 1552
11 1553
12 1554
13 1555
11 1556
16 1557
11 1558
13 1559
11 1560
16 1561
11 1562
13 1563
12 1564
13 1565
16 1566
12 1567
11 1568
12 1569
11 1570
16 1571
11 1572
12 1573
16 1574
16 1575
11 1576
12 1577
11 1578
13 1579
16 1580
12 1581
11 1582
12 1583
16 1584
13 1585
11 1586
12 1587
13 1588
13 1589
17 1590
11 1591
17 1592
12 1593
13 1594
11 1595
11 1596
12 1597
13 1598
12 1599
17 1600
11 1601
12 1602
12 1603
13 1604
11 1605
17 1606
12 1607
13 1608
17 1609
17 1610
11 1611
12 1612
11 1613
13 1614
17 1615
12 1616
11 1617
12 1618
17 1619
13 1620
11 1621
11 1622
13 1623
12 1624
13 1625
17 1626
13 1627
11 1628
12 1629
17 1630
13 1631
17 1632
11 1633
17 1634
12 1635
13 1636
12 1637
11 1638
12 1639
13 1640
12 1641
17 1642
11 1643
13 1644
12 1645
13 1646
17 1647
13 1648
11 1649
12 1650
11 1651
17 1652
11 1653
12 1654
11 1655
13 1656
17 1657
12 1658
11 1659
12 1660
13 1661
12 1662
17 1663
11 1664
17 1665
13 1666
17 1667
11 1668
17 1669
12 1670
13 1671
11 1672
17 1673
11 1674
13 1675
12 1676
17 1677
17 1678
12 1679
13 1680
11 1681
12 1682
11 1683
17 1684
11 1685
11 1686
11 1687
13 1688
17 1689
12 1690
11 1691
12 1692
12 1693
12 1694
17 1695
11 1696
17 1697
13 1698
17 1699
17 1700
17 1701
12 1702
13 1703
11 1704
17 1705
11 1706
12 1707
12 1708
17 1709
11 1710
13 1711
12 1712
13 1713
13 1714
13 1715
11 1716
12 1717
17 1718
13 1719
17 1720
11 1721
11 1722
13 1723
17 1724
12 1725
11 1726
12 1727
12 1728
12 1729
17 1730
11 1731
13 1732
12 1733
13 1734
13 1735
13 1736
11 1737
12 1738
11 1739
17 1740
11 1741
11 1742
11 1743
13 1744
17 1745
12 1746
11 1747
11 1748
13 1749
12 1750
11 1751
12 1752
17 1753
13 1754
11 1755
11 1756
17 1757
13 1758
17 1759
11 1760
17 1761
12 1762
12 1763
12 1764
11 1765
12 1766
13 1767
12 1768
17 1769
17 1770
13 1771
12 1772
13 1773
17 1774
13 1775
11 1776
11 1777
11 1778
17 1779
11 1780
12 1781
11 1782
13 1783
13 1784
12 1785
11 1786
12 1787
13 1788
12 1789
17 1790
17 1791
17 1792
13 1793
17 1794
11 1795
17 1796
12 1797
12 1798
11 1799
17 1800
11 1801
12 1802
11 1803
13 1804
13 1805
13 1806
12 1807
13 1808
17 1809
13 1810
11 1811
11 1812
17 1813
13 1814
17 1815
11 1816
17 1817
12 1818
12 1819
12 1820
11 1821
12 1822
13 1823
12 1824
13 1825
17 1826
17 1827
13 1828
11 1829
12 1830
11 1831
17 1832
17 1833
12 1834
11 1835
13 1836
17 1837
12 1838
11 1839
11 1840
13 1841
12 1842
17 1843
11 1844
17 1845
13 1846
13 1847
11 1848
17 1849
12 1850
13 1851
11 1852
17 1853
17 1854
12 1855
11 1856
13 1857
17 1858
13 1859
12 1860
12 1861
17 1862
13 1863
11 1864
12 1865
17 1866
13 1867
13 1868
12 1869
11 1870
13 1871
17 1872
12 1873
11 1874
11 1875
13 1876
12 1877
17 1878
11 1879
13 1880
11 1881
12 1882
11 1883
17 1884
13 1885
17 1886
11 1887
17 1888
11 1889
13 1890
11 1891
17 1892
11 1893
12 1894
11 1895
12 1896
17 1897
13 1898
12 1899
13 1900
17 1901
13 1902
17 1903
12 1904
17 1905
13 1906
17 1907
11 1908
17 1909
11 1910
13 1911
12 1912
11 1913
12 1914
13 1915
12 1916
13 1917
11 1918
13 1919
12 1920
13 1921
17 1922
13 1923
11 1924
12 1925
11 1926
17 1927
11 1928
12 1929
11 1930
12 1931
13 1932
12 1933
11 1934
12 1935
13 1936
12 1937
13 1938
11 1939
13 1940
12 1941
13 1942
17 1943
13 1944
17 1945
12 1946
11 1947
17 1948
11 1949
12 1950
11 1951
12 1952
17 1953
12 1954
11 1955
12 1956
13 1957
12 1958
13 1959
13 1960
11 1961
17 1962
11 1963
12 1964
11 1965
13 1966
11 1967
13 1968
12 1969
17 1970
11 1971
13 1972
11 1973
13 1974
17 1975
13 1976
11 1977
12 1978
11 1979
13 1980
11 1981
12 1982
11 1983
13 1984
17 1985
12 1986
17 1987
12 1988
13 1989
12 1990
17 1991
11 1992
17 1993
12 1994
17 1995
11 1996
17 1997
12 1998
13 1999
11 2000
17 1590
