6 1
7 2
8 3
9 4
10 5
11 6
12 7
12 8
13 9
13 10
14 11
14 12
14 13
15 14
15 15
15 16
15 17
16 18
16 19
16 20
16 21
16 22
17 23
17 24
17 25
17 26
17 27
17 28
17 29
18 30
18 31
18 32
18 33
18 34
18 35
18 36
18 37
18 38
19 39
19 40
19 41
19 42
19 43
19 44
19 45
19 46
19 47
19 48
19 49
19 50
20 51
20 52
20 53
20 54
20 55
20 56
20 57
20 58
20 59
20 60
20 61
20 62
20 63
20 64
20 65
20 66
21 67
21 68
21 69
21 70
21 71
21 72
21 73
21 74
21 75
21 76
21 77
21 78
21 79
21 80
21 81
21 82
21 83
21 84
21 85
21 86
21 87
21 88
22 89
22 90
22 91
22 92
22 93
22 94
22 95
22 96
22 97
22 98
22 99
22 100
22 101
22 102
22 103
22 104
22 105
22 106
22 107
22 108
22 109
22 110
22 111
22 112
22 113
22 114
22 115
22 116
22 117
23 118
23 119
23 120
23 121
23 122
23 123
23 124
23 125
23 126
23 127
23 128
23 129
23 130
23 131
23 132
23 133
23 134
23 135
23 136
23 137
23 138
23 139
23 140
23 141
23 142
23 143
23 144
23 145
23 146
23 147
23 148
23 149
23 150
23 151
23 152
23 153
23 154
23 155
23 156
24 157
24 158
24 159
24 160
24 161
24 162
24 163
24 164
24 165
24 166
24 167
24 168
24 169
24 170
24 171
24 172
24 173
24 174
24 175
24 176
24 177
24 178
24 179
24 180
24 181
24 182
24 183
24 184
24 185
24 186
24 187
24 188
24 189
24 190
24 191
24 192
24 193
24 194
24 195
24 196
24 197
24 198
24 199
24 200
24 201
24 202
24 203
24 204
24 205
24 206
24 207
24 208
25 209
25 210
25 211
25 212
25 213
25 214
25 215
25 216
25 217
25 218
25 219
25 220
25 221
25 222
25 223
25 224
25 225
25 226
25 227
25 228
25 229
25 230
25 231
25 232
25 233
25 234
25 235
25 236
25 237
25 238
25 239
25 240
25 241
25 242
25 243
25 244
25 245
25 246
25 247
25 248
25 249
25 250
25 251
25 252
25 253
25 254
25 255
25 256
25 257
25 258
25 259
25 260
25 261
25 262
25 263
25 264
25 265
25 266
25 267
25 268
25 269
25 270
25 271
25 272
25 273
25 274
25 275
25 276
25 277
26 278
26 279
26 280
26 281
26 282
26 283
26 284
26 285
26 286
26 287
26 288
26 289
26 290
26 291
26 292
26 293
26 294
26 295
26 296
26 297
26 298
26 299
26 300
26 301
26 302
26 303
26 304
26 305
26 306
26 307
26 308
26 309
26 310
26 311
26 312
26 313
26 314
26 315
26 316
26 317
26 318
26 319
26 320
26 321
26 322
26 323
26 324
26 325
26 326
26 327
26 328
26 329
26 330
26 331
26 332
26 333
26 334
26 335
26 336
26 337
26 338
26 339
26 340
26 341
26 342
26 343
26 344
26 345
26 346
26 347
26 348
26 349
26 350
26 351
26 352
26 353
26 354
26 355
26 356
26 357
26 358
26 359
26 360
26 361
26 362
26 363
26 364
26 365
26 366
26 367
26 368
26 369
27 370
27 371
27 372
27 373
27 374
27 375
27 376
27 377
27 378
27 379
27 380
27 381
27 382
27 383
27 384
27 385
27 386
27 387
27 388
27 389
27 390
27 391
27 392
27 393
27 394
27 395
27 396
27 397
27 398
27 399
27 400
27 401
27 402
27 403
27 404
27 405
27 406
27 407
27 408
27 409
27 410
27 411
27 412
27 413
27 414
27 415
27 416
27 417
27 418
27 419
27 420
27 421
27 422
27 423
27 424
27 425
27 426
27 427
27 428
27 429
27 430
27 431
27 432
27 433
27 434
27 435
27 436
27 437
27 438
27 439
27 440
27 441
27 442
27 443
27 444
27 445
27 446
27 447
27 448
27 449
27 450
27 451
27 452
27 453
27 454
27 455
27 456
27 457
27 458
27 459
27 460
27 461
27 462
27 463
27 464
27 465
27 466
27 467
27 468
27 469
27 470
27 471
27 472
27 473
27 474
27 475
27 476
27 477
27 478
27 479
27 480
27 481
27 482
27 483
27 484
27 485
27 486
27 487
27 488
27 489
27 490
27 491
27 492
28 493
28 494
28 495
28 496
28 497
28 498
28 499
28 500
28 501
28 502
28 503
28 504
28 505
28 506
28 507
28 508
28 509
28 510
28 511
28 512
28 513
28 514
28 515
28 516
28 517
28 518
28 519
28 520
28 521
28 522
28 523
28 524
28 525
28 526
28 527
28 528
28 529
28 530
28 531
28 532
28 533
28 534
28 535
28 536
28 537
28 538
28 539
28 540
28 541
28 542
28 543
28 544
28 545
28 546
28 547
28 548
28 549
28 550
28 551
28 552
28 553
28 554
28 555
28 556
28 557
28 558
28 559
28 560
28 561
28 562
28 563
28 564
28 565
28 566
28 567
28 568
28 569
28 570
28 571
28 572
28 573
28 574
28 575
28 576
28 577
28 578
28 579
28 580
28 581
28 582
28 583
28 584
28 585
28 586
28 587
28 588
28 589
28 590
28 591
28 592
28 593
28 594
28 595
28 596
28 597
28 598
28 599
28 600
28 601
28 602
28 603
28 604
28 605
28 606
28 607
28 608
28 609
28 610
28 611
28 612
28 613
28 614
28 615
28 616
28 617
28 618
28 619
28 620
28 621
28 622
28 623
28 624
28 625
28 626
28 627
28 628
28 629
28 630
28 631
28 632
28 633
28 634
28 635
28 636
28 637
28 638
28 639
28 640
28 641
28 642
28 643
28 644
28 645
28 646
28 647
28 648
28 649
28 650
28 651
28 652
28 653
28 654
28 655
28 656
29 657
29 658
29 659
29 660
29 661
29 662
29 663
29 664
29 665
29 666
29 667
29 668
29 669
29 670
29 671
29 672
29 673
29 674
29 675
29 676
29 677
29 678
29 679
29 680
29 681
29 682
29 683
29 684
29 685
29 686
29 687
29 688
29 689
29 690
29 691
29 692
29 693
29 694
29 695
29 696
29 697
29 698
29 699
29 700
29 701
29 702
29 703
29 704
29 705
29 706
29 707
29 708
29 709
29 710
29 711
29 712
29 713
29 714
29 715
29 716
29 717
29 718
29 719
29 720
29 721
29 722
29 723
29 724
29 725
29 726
29 727
29 728
29 729
29 730
29 731
29 732
29 733
29 734
29 735
29 736
29 737
29 738
29 739
29 740
29 741
29 742
29 743
29 744
29 745
29 746
29 747
29 748
29 749
29 750
29 751
29 752
29 753
29 754
29 755
29 756
29 757
29 758
29 759
29 760
29 761
29 762
29 763
29 764
29 765
29 766
29 767
29 768
29 769
29 770
29 771
29 772
29 773
29 774
29 775
29 776
29 777
29 778
29 779
29 780
29 781
29 782
29 783
29 784
29 785
29 786
29 787
29 788
29 789
29 790
29 791
29 792
29 793
29 794
29 795
29 796
29 797
29 798
29 799
29 800
29 801
29 802
29 803
29 804
29 805
29 806
29 807
29 808
29 809
29 810
29 811
29 812
29 813
29 814
29 815
29 816
29 817
29 818
29 819
29 820
29 821
29 822
29 823
29 824
29 825
29 826
29 827
29 828
29 829
29 830
29 831
29 832
29 833
29 834
29 835
29 836
29 837
29 838
29 839
29 840
29 841
29 842
29 843
29 844
29 845
29 846
29 847
29 848
29 849
29 850
29 851
29 852
29 853
29 854
29 855
29 856
29 857
29 858
29 859
29 860
29 861
29 862
29 863
29 864
29 865
29 866
29 867
29 868
29 869
29 870
29 871
29 872
29 873
29 874
30 875
30 876
30 877
30 878
30 879
30 880
30 881
30 882
30 883
30 884
30 885
30 886
30 887
30 888
30 889
30 890
30 891
30 892
30 893
30 894
30 895
30 896
30 897
30 898
30 899
30 900
30 901
30 902
30 903
30 904
30 905
30 906
30 907
30 908
30 909
30 910
30 911
30 912
30 913
30 914
30 915
30 916
30 917
30 918
30 919
30 920
30 921
30 922
30 923
30 924
30 925
30 926
30 927
30 928
30 929
30 930
30 931
30 932
30 933
30 934
30 935
30 936
30 937
30 938
30 939
30 940
30 941
30 942
30 943
30 944
30 945
30 946
30 947
30 948
30 949
30 950
30 951
30 952
30 953
30 954
30 955
30 956
30 957
30 958
30 959
30 960
30 961
30 962
30 963
30 964
30 965
30 966
30 967
30 968
30 969
30 970
30 971
30 972
30 973
30 974
30 975
30 976
30 977
30 978
30 979
30 980
30 981
30 982
30 983
30 984
30 985
30 986
30 987
30 988
30 989
30 990
30 991
30 992
30 993
30 994
30 995
30 996
30 997
30 998
30 999
30 1000
30 1001
30 1002
30 1003
30 1004
30 1005
30 1006
30 1007
30 1008
30 1009
30 1010
30 1011
30 1012
30 1013
30 1014
30 1015
30 1016
30 1017
30 1018
30 1019
30 1020
30 1021
30 1022
30 1023
30 1024
30 1025
30 1026
30 1027
30 1028
30 1029
30 1030
30 1031
30 1032
30 1033
30 1034
30 1035
30 1036
30 1037
30 1038
30 1039
30 1040
30 1041
30 1042
30 1043
30 1044
30 1045
30 1046
30 1047
30 1048
30 1049
30 1050
30 1051
30 1052
30 1053
30 1054
30 1055
30 1056
30 1057
30 1058
30 1059
30 1060
30 1061
30 1062
30 1063
30 1064
30 1065
30 1066
30 1067
30 1068
30 1069
30 1070
30 1071
30 1072
30 1073
30 1074
30 1075
30 1076
30 1077
30 1078
30 1079
30 1080
30 1081
30 1082
30 1083
30 1084
30 1085
30 1086
30 1087
30 1088
30 1089
30 1090
30 1091
30 1092
30 1093
30 1094
30 1095
30 1096
30 1097
30 1098
30 1099
30 1100
30 1101
30 1102
30 1103
30 1104
30 1105
30 1106
30 1107
30 1108
30 1109
30 1110
30 1111
30 1112
30 1113
30 1114
30 1115
30 1116
30 1117
30 1118
30 1119
30 1120
30 1121
30 1122
30 1123
30 1124
30 1125
30 1126
30 1127
30 1128
30 1129
30 1130
30 1131
30 1132
30 1133
30 1134
30 1135
30 1136
30 1137
30 1138
30 1139
30 1140
30 1141
30 1142
30 1143
30 1144
30 1145
30 1146
30 1147
30 1148
30 1149
30 1150
30 1151
30 1152
30 1153
30 1154
30 1155
30 1156
30 1157
30 1158
30 1159
30 1160
30 1161
30 1162
30 1163
30 1164
30 1165
31 1166
31 1167
31 1168
31 1169
31 1170
31 1171
31 1172
31 1173
31 1174
31 1175
31 1176
31 1177
31 1178
31 1179
31 1180
31 1181
31 1182
31 1183
31 1184
31 1185
31 1186
31 1187
31 1188
31 1189
31 1190
31 1191
31 1192
31 1193
31 1194
31 1195
31 1196
31 1197
31 1198
31 1199
31 1200
31 1201
31 1202
31 1203
31 1204
31 1205
31 1206
31 1207
31 1208
31 1209
31 1210
31 1211
31 1212
31 1213
31 1214
31 1215
31 1216
31 1217
31 1218
31 1219
31 1220
31 1221
31 1222
31 1223
31 1224
31 1225
31 1226
31 1227
31 1228
31 1229
31 1230
31 1231
31 1232
31 1233
31 1234
31 1235
31 1236
31 1237
31 1238
31 1239
31 1240
31 1241
31 1242
31 1243
31 1244
31 1245
31 1246
31 1247
31 1248
31 1249
31 1250
31 1251
31 1252
31 1253
31 1254
31 1255
31 1256
31 1257
31 1258
31 1259
31 1260
31 1261
31 1262
31 1263
31 1264
31 1265
31 1266
31 1267
31 1268
31 1269
31 1270
31 1271
31 1272
31 1273
31 1274
31 1275
31 1276
31 1277
31 1278
31 1279
31 1280
31 1281
31 1282
31 1283
31 1284
31 1285
31 1286
31 1287
31 1288
31 1289
31 1290
31 1291
31 1292
31 1293
31 1294
31 1295
31 1296
31 1297
31 1298
31 1299
31 1300
31 1301
31 1302
31 1303
31 1304
31 1305
31 1306
31 1307
31 1308
31 1309
31 1310
31 1311
31 1312
31 1313
31 1314
31 1315
31 1316
31 1317
31 1318
31 1319
31 1320
31 1321
31 1322
31 1323
31 1324
31 1325
31 1326
31 1327
31 1328
31 1329
31 1330
31 1331
31 1332
31 1333
31 1334
31 1335
31 1336
31 1337
31 1338
31 1339
31 1340
31 1341
31 1342
31 1343
31 1344
31 1345
31 1346
31 1347
31 1348
31 1349
31 1350
31 1351
31 1352
31 1353
31 1354
31 1355
31 1356
31 1357
31 1358
31 1359
31 1360
31 1361
31 1362
31 1363
31 1364
31 1365
31 1366
31 1367
31 1368
31 1369
31 1370
31 1371
31 1372
31 1373
31 1374
31 1375
31 1376
31 1377
31 1378
31 1379
31 1380
31 1381
31 1382
31 1383
31 1384
31 1385
31 1386
31 1387
31 1388
31 1389
31 1390
31 1391
31 1392
31 1393
31 1394
31 1395
31 1396
31 1397
31 1398
31 1399
31 1400
31 1401
31 1402
31 1403
31 1404
31 1405
31 1406
31 1407
31 1408
31 1409
31 1410
31 1411
31 1412
31 1413
31 1414
31 1415
31 1416
31 1417
31 1418
31 1419
31 1420
31 1421
31 1422
31 1423
31 1424
31 1425
31 1426
31 1427
31 1428
31 1429
31 1430
31 1431
31 1432
31 1433
31 1434
31 1435
31 1436
31 1437
31 1438
31 1439
31 1440
31 1441
31 1442
31 1443
31 1444
31 1445
31 1446
31 1447
31 1448
31 1449
31 1450
31 1451
31 1452
31 1453
31 1454
31 1455
31 1456
31 1457
31 1458
31 1459
31 1460
31 1461
31 1462
31 1463
31 1464
31 1465
31 1466
31 1467
31 1468
31 1469
31 1470
31 1471
31 1472
31 1473
31 1474
31 1475
31 1476
31 1477
31 1478
31 1479
31 1480
31 1481
31 1482
31 1483
31 1484
31 1485
31 1486
31 1487
31 1488
31 1489
31 1490
31 1491
31 1492
31 1493
31 1494
31 1495
31 1496
31 1497
31 1498
31 1499
31 1500
31 1501
31 1502
31 1503
31 1504
31 1505
31 1506
31 1507
31 1508
31 1509
31 1510
31 1511
31 1512
31 1513
31 1514
31 1515
31 1516
31 1517
31 1518
31 1519
31 1520
31 1521
31 1522
31 1523
31 1524
31 1525
31 1526
31 1527
31 1528
31 1529
31 1530
31 1531
31 1532
31 1533
31 1534
31 1535
31 1536
31 1537
31 1538
31 1539
31 1540
31 1541
31 1542
31 1543
31 1544
31 1545
31 1546
31 1547
31 1548
31 1549
31 1550
31 1551
31 1552
31 1553
32 1554
32 1555
32 1556
32 1557
32 1558
32 1559
32 1560
32 1561
32 1562
32 1563
32 1564
32 1565
32 1566
32 1567
32 1568
32 1569
32 1570
32 1571
32 1572
32 1573
32 1574
32 1575
32 1576
32 1577
32 1578
32 1579
32 1580
32 1581
32 1582
32 1583
32 1584
32 1585
32 1586
32 1587
32 1588
32 1589
32 1590
32 1591
32 1592
32 1593
32 1594
32 1595
32 1596
32 1597
32 1598
32 1599
32 1600
32 1601
32 1602
32 1603
32 1604
32 1605
32 1606
32 1607
32 1608
32 1609
32 1610
32 1611
32 1612
32 1613
32 1614
32 1615
32 1616
32 1617
32 1618
32 1619
32 1620
32 1621
32 1622
32 1623
32 1624
32 1625
32 1626
32 1627
32 1628
32 1629
32 1630
32 1631
32 1632
32 1633
32 1634
32 1635
32 1636
32 1637
32 1638
32 1639
32 1640
32 1641
32 1642
32 1643
32 1644
32 1645
32 1646
32 1647
32 1648
32 1649
32 1650
32 1651
32 1652
32 1653
32 1654
32 1655
32 1656
32 1657
32 1658
32 1659
32 1660
32 1661
32 1662
32 1663
32 1664
32 1665
32 1666
32 1667
32 1668
32 1669
32 1670
32 1671
32 1672
32 1673
32 1674
32 1675
32 1676
32 1677
32 1678
32 1679
32 1680
32 1681
32 1682
32 1683
32 1684
32 1685
32 1686
32 1687
32 1688
32 1689
32 1690
32 1691
32 1692
32 1693
32 1694
32 1695
32 1696
32 1697
32 1698
32 1699
32 1700
32 1701
32 1702
32 1703
32 1704
32 1705
32 1706
32 1707
32 1708
32 1709
32 1710
32 1711
32 1712
32 1713
32 1714
32 1715
32 1716
32 1717
32 1718
32 1719
32 1720
32 1721
32 1722
32 1723
32 1724
32 1725
32 1726
32 1727
32 1728
32 1729
32 1730
32 1731
32 1732
32 1733
32 1734
32 1735
32 1736
32 1737
32 1738
32 1739
32 1740
32 1741
32 1742
32 1743
32 1744
32 1745
32 1746
32 1747
32 1748
32 1749
32 1750
32 1751
32 1752
32 1753
32 1754
32 1755
32 1756
32 1757
32 1758
32 1759
32 1760
32 1761
32 1762
32 1763
32 1764
32 1765
32 1766
32 1767
32 1768
32 1769
32 1770
32 1771
32 1772
32 1773
32 1774
32 1775
32 1776
32 1777
32 1778
32 1779
32 1780
32 1781
32 1782
32 1783
32 1784
32 1785
32 1786
32 1787
32 1788
32 1789
32 1790
32 1791
32 1792
32 1793
32 1794
32 1795
32 1796
32 1797
32 1798
32 1799
32 1800
32 1801
32 1802
32 1803
32 1804
32 1805
32 1806
32 1807
32 1808
32 1809
32 1810
32 1811
32 1812
32 1813
32 1814
32 1815
32 1816
32 1817
32 1818
32 1819
32 1820
32 1821
32 1822
32 1823
32 1824
32 1825
32 1826
32 1827
32 1828
32 1829
32 1830
32 1831
32 1832
32 1833
32 1834
32 1835
32 1836
32 1837
32 1838
32 1839
32 1840
32 1841
32 1842
32 1843
32 1844
32 1845
32 1846
32 1847
32 1848
32 1849
32 1850
32 1851
32 1852
32 1853
32 1854
32 1855
32 1856
32 1857
32 1858
32 1859
32 1860
32 1861
32 1862
32 1863
32 1864
32 1865
32 1866
32 1867
32 1868
32 1869
32 1870
32 1871
32 1872
32 1873
32 1874
32 1875
32 1876
32 1877
32 1878
32 1879
32 1880
32 1881
32 1882
32 1883
32 1884
32 1885
32 1886
32 1887
32 1888
32 1889
32 1890
32 1891
32 1892
32 1893
32 1894
32 1895
32 1896
32 1897
32 1898
32 1899
32 1900
32 1901
32 1902
32 1903
32 1904
32 1905
32 1906
32 1907
32 1908
32 1909
32 1910
32 1911
32 1912
32 1913
32 1914
32 1915
32 1916
32 1917
32 1918
32 1919
32 1920
32 1921
32 1922
32 1923
32 1924
32 1925
32 1926
32 1927
32 1928
32 1929
32 1930
32 1931
32 1932
32 1933
32 1934
32 1935
32 1936
32 1937
32 1938
32 1939
32 1940
32 1941
32 1942
32 1943
32 1944
32 1945
32 1946
32 1947
32 1948
32 1949
32 1950
32 1951
32 1952
32 1953
32 1954
32 1955
32 1956
32 1957
32 1958
32 1959
32 1960
32 1961
32 1962
32 1963
32 1964
32 1965
32 1966
32 1967
32 1968
32 1969
32 1970
32 1971
32 1972
32 1973
32 1974
32 1975
32 1976
32 1977
32 1978
32 1979
32 1980
32 1981
32 1982
32 1983
32 1984
32 1985
32 1986
32 1987
32 1988
32 1989
32 1990
32 1991
32 1992
32 1993
32 1994
32 1995
32 1996
32 1997
32 1998
32 1999
32 2000
32 2000
7 1
7 2
8 3
9 4
9 5
10 6
10 7
10 8
11 9
11 10
11 11
11 12
11 13
12 14
12 15
12 16
12 17
12 18
12 19
12 20
12 21
13 22
13 23
13 24
13 25
13 26
13 27
13 28
13 29
13 30
13 31
13 32
13 33
13 34
13 35
14 36
14 37
14 38
14 39
14 40
14 41
14 42
14 43
14 44
14 45
14 46
14 47
14 48
14 49
14 50
14 51
14 52
14 53
14 54
14 55
14 56
14 57
14 58
15 59
15 60
15 61
15 62
15 63
15 64
15 65
15 66
15 67
15 68
15 69
15 70
15 71
15 72
15 73
15 74
15 75
15 76
15 77
15 78
15 79
15 80
15 81
15 82
15 83
15 84
15 85
15 86
15 87
15 88
15 89
15 90
15 91
15 92
15 93
15 94
15 95
15 96
16 97
16 98
16 99
16 100
16 101
16 102
16 103
16 104
16 105
16 106
16 107
16 108
16 109
16 110
16 111
16 112
16 113
16 114
16 115
16 116
16 117
16 118
16 119
16 120
16 121
16 122
16 123
16 124
16 125
16 126
16 127
16 128
16 129
16 130
16 131
16 132
16 133
16 134
16 135
16 136
16 137
16 138
16 139
16 140
16 141
16 142
16 143
16 144
16 145
16 146
16 147
16 148
16 149
16 150
16 151
16 152
16 153
16 154
16 155
16 156
16 157
16 158
16 159
16 160
17 161
17 162
17 163
17 164
17 165
17 166
17 167
17 168
17 169
17 170
17 171
17 172
17 173
17 174
17 175
17 176
17 177
17 178
17 179
17 180
17 181
17 182
17 183
17 184
17 185
17 186
17 187
17 188
17 189
17 190
17 191
17 192
17 193
17 194
17 195
17 196
17 197
17 198
17 199
17 200
17 201
17 202
17 203
17 204
17 205
17 206
17 207
17 208
17 209
17 210
17 211
17 212
17 213
17 214
17 215
17 216
17 217
17 218
17 219
17 220
17 221
17 222
17 223
17 224
17 225
17 226
17 227
17 228
17 229
17 230
17 231
17 232
17 233
17 234
17 235
17 236
17 237
17 238
17 239
17 240
17 241
17 242
17 243
17 244
17 245
17 246
17 247
17 248
17 249
17 250
17 251
17 252
17 253
17 254
17 255
17 256
17 257
17 258
17 259
17 260
17 261
17 262
17 263
17 264
17 265
17 266
18 267
18 268
18 269
18 270
18 271
18 272
18 273
18 274
18 275
18 276
18 277
18 278
18 279
18 280
18 281
18 282
18 283
18 284
18 285
18 286
18 287
18 288
18 289
18 290
18 291
18 292
18 293
18 294
18 295
18 296
18 297
18 298
18 299
18 300
18 301
18 302
18 303
18 304
18 305
18 306
18 307
18 308
18 309
18 310
18 311
18 312
18 313
18 314
18 315
18 316
18 317
18 318
18 319
18 320
18 321
18 322
18 323
18 324
18 325
18 326
18 327
18 328
18 329
18 330
18 331
18 332
18 333
18 334
18 335
18 336
18 337
18 338
18 339
18 340
18 341
18 342
18 343
18 344
18 345
18 346
18 347
18 348
18 349
18 350
18 351
18 352
18 353
18 354
18 355
18 356
18 357
18 358
18 359
18 360
18 361
18 362
18 363
18 364
18 365
18 366
18 367
18 368
18 369
18 370
18 371
18 372
18 373
18 374
18 375
18 376
18 377
18 378
18 379
18 380
18 381
18 382
18 383
18 384
18 385
18 386
18 387
18 388
18 389
18 390
18 391
18 392
18 393
18 394
18 395
18 396
18 397
18 398
18 399
18 400
18 401
18 402
18 403
18 404
18 405
18 406
18 407
18 408
18 409
18 410
18 411
18 412
18 413
18 414
18 415
18 416
18 417
18 418
18 419
18 420
18 421
18 422
18 423
18 424
18 425
18 426
18 427
18 428
18 429
18 430
18 431
18 432
18 433
18 434
18 435
18 436
18 437
18 438
18 439
18 440
18 441
18 442
18 443
19 444
19 445
19 446
19 447
19 448
19 449
19 450
19 451
19 452
19 453
19 454
19 455
19 456
19 457
19 458
19 459
19 460
19 461
19 462
19 463
19 464
19 465
19 466
19 467
19 468
19 469
19 470
19 471
19 472
19 473
19 474
19 475
19 476
19 477
19 478
19 479
19 480
19 481
19 482
19 483
19 484
19 485
19 486
19 487
19 488
19 489
19 490
19 491
19 492
19 493
19 494
19 495
19 496
19 497
19 498
19 499
19 500
19 501
19 502
19 503
19 504
19 505
19 506
19 507
19 508
19 509
19 510
19 511
19 512
19 513
19 514
19 515
19 516
19 517
19 518
19 519
19 520
19 521
19 522
19 523
19 524
19 525
19 526
19 527
19 528
19 529
19 530
19 531
19 532
19 533
19 534
19 535
19 536
19 537
19 538
19 539
19 540
19 541
19 542
19 543
19 544
19 545
19 546
19 547
19 548
19 549
19 550
19 551
19 552
19 553
19 554
19 555
19 556
19 557
19 558
19 559
19 560
19 561
19 562
19 563
19 564
19 565
19 566
19 567
19 568
19 569
19 570
19 571
19 572
19 573
19 574
19 575
19 576
19 577
19 578
19 579
19 580
19 581
19 582
19 583
19 584
19 585
19 586
19 587
19 588
19 589
19 590
19 591
19 592
19 593
19 594
19 595
19 596
19 597
19 598
19 599
19 600
19 601
19 602
19 603
19 604
19 605
19 606
19 607
19 608
19 609
19 610
19 611
19 612
19 613
19 614
19 615
19 616
19 617
19 618
19 619
19 620
19 621
19 622
19 623
19 624
19 625
19 626
19 627
19 628
19 629
19 630
19 631
19 632
19 633
19 634
19 635
19 636
19 637
19 638
19 639
19 640
19 641
19 642
19 643
19 644
19 645
19 646
19 647
19 648
19 649
19 650
19 651
19 652
19 653
19 654
19 655
19 656
19 657
19 658
19 659
19 660
19 661
19 662
19 663
19 664
19 665
19 666
19 667
19 668
19 669
19 670
19 671
19 672
19 673
19 674
19 675
19 676
19 677
19 678
19 679
19 680
19 681
19 682
19 683
19 684
19 685
19 686
19 687
19 688
19 689
19 690
19 691
19 692
19 693
19 694
19 695
19 696
19 697
19 698
19 699
19 700
19 701
19 702
19 703
19 704
19 705
19 706
19 707
19 708
19 709
19 710
19 711
19 712
19 713
19 714
19 715
19 716
19 717
19 718
19 719
19 720
19 721
19 722
19 723
19 724
19 725
19 726
19 727
19 728
19 729
19 730
19 731
19 732
19 733
19 734
19 735
19 736
19 737
19 738
20 739
20 740
20 741
20 742
20 743
20 744
20 745
20 746
20 747
20 748
20 749
20 750
20 751
20 752
20 753
20 754
20 755
20 756
20 757
20 758
20 759
20 760
20 761
20 762
20 763
20 764
20 765
20 766
20 767
20 768
20 769
20 770
20 771
20 772
20 773
20 774
20 775
20 776
20 777
20 778
20 779
20 780
20 781
20 782
20 783
20 784
20 785
20 786
20 787
20 788
20 789
20 790
20 791
20 792
20 793
20 794
20 795
20 796
20 797
20 798
20 799
20 800
20 801
20 802
20 803
20 804
20 805
20 806
20 807
20 808
20 809
20 810
20 811
20 812
20 813
20 814
20 815
20 816
20 817
20 818
20 819
20 820
20 821
20 822
20 823
20 824
20 825
20 826
20 827
20 828
20 829
20 830
20 831
20 832
20 833
20 834
20 835
20 836
20 837
20 838
20 839
20 840
20 841
20 842
20 843
20 844
20 845
20 846
20 847
20 848
20 849
20 850
20 851
20 852
20 853
20 854
20 855
20 856
20 857
20 858
20 859
20 860
20 861
20 862
20 863
20 864
20 865
20 866
20 867
20 868
20 869
20 870
20 871
20 872
20 873
20 874
20 875
20 876
20 877
20 878
20 879
20 880
20 881
20 882
20 883
20 884
20 885
20 886
20 887
20 888
20 889
20 890
20 891
20 892
20 893
20 894
20 895
20 896
20 897
20 898
20 899
20 900
20 901
20 902
20 903
20 904
20 905
20 906
20 907
20 908
20 909
20 910
20 911
20 912
20 913
20 914
20 915
20 916
20 917
20 918
20 919
20 920
20 921
20 922
20 923
20 924
20 925
20 926
20 927
20 928
20 929
20 930
20 931
20 932
20 933
20 934
20 935
20 936
20 937
20 938
20 939
20 940
20 941
20 942
20 943
20 944
20 945
20 946
20 947
20 948
20 949
20 950
20 951
20 952
20 953
20 954
20 955
20 956
20 957
20 958
20 959
20 960
20 961
20 962
20 963
20 964
20 965
20 966
20 967
20 968
20 969
20 970
20 971
20 972
20 973
20 974
20 975
20 976
20 977
20 978
20 979
20 980
20 981
20 982
20 983
20 984
20 985
20 986
20 987
20 988
20 989
20 990
20 991
20 992
20 993
20 994
20 995
20 996
20 997
20 998
20 999
20 1000
20 1001
20 1002
20 1003
20 1004
20 1005
20 1006
20 1007
20 1008
20 1009
20 1010
20 1011
20 1012
20 1013
20 1014
20 1015
20 1016
20 1017
20 1018
20 1019
20 1020
20 1021
20 1022
20 1023
20 1024
20 1025
20 1026
20 1027
20 1028
20 1029
20 1030
20 1031
20 1032
20 1033
20 1034
20 1035
20 1036
20 1037
20 1038
20 1039
20 1040
20 1041
20 1042
20 1043
20 1044
20 1045
20 1046
20 1047
20 1048
20 1049
20 1050
20 1051
20 1052
20 1053
20 1054
20 1055
20 1056
20 1057
20 1058
20 1059
20 1060
20 1061
20 1062
20 1063
20 1064
20 1065
20 1066
20 1067
20 1068
20 1069
20 1070
20 1071
20 1072
20 1073
20 1074
20 1075
20 1076
20 1077
20 1078
20 1079
20 1080
20 1081
20 1082
20 1083
20 1084
20 1085
20 1086
20 1087
20 1088
20 1089
20 1090
20 1091
20 1092
20 1093
20 1094
20 1095
20 1096
20 1097
20 1098
20 1099
20 1100
20 1101
20 1102
20 1103
20 1104
20 1105
20 1106
20 1107
20 1108
20 1109
20 1110
20 1111
20 1112
20 1113
20 1114
20 1115
20 1116
20 1117
20 1118
20 1119
20 1120
20 1121
20 1122
20 1123
20 1124
20 1125
20 1126
20 1127
20 1128
20 1129
20 1130
20 1131
20 1132
20 1133
20 1134
20 1135
20 1136
20 1137
20 1138
20 1139
20 1140
20 1141
20 1142
20 1143
20 1144
20 1145
20 1146
20 1147
20 1148
20 1149
20 1150
20 1151
20 1152
20 1153
20 1154
20 1155
20 1156
20 1157
20 1158
20 1159
20 1160
20 1161
20 1162
20 1163
20 1164
20 1165
20 1166
20 1167
20 1168
20 1169
20 1170
20 1171
20 1172
20 1173
20 1174
20 1175
20 1176
20 1177
20 1178
20 1179
20 1180
20 1181
20 1182
20 1183
20 1184
20 1185
20 1186
20 1187
20 1188
20 1189
20 1190
20 1191
20 1192
20 1193
20 1194
20 1195
20 1196
20 1197
20 1198
20 1199
20 1200
20 1201
20 1202
20 1203
20 1204
20 1205
20 1206
20 1207
20 1208
20 1209
20 1210
20 1211
20 1212
20 1213
20 1214
20 1215
20 1216
20 1217
20 1218
20 1219
20 1220
20 1221
20 1222
20 1223
20 1224
20 1225
20 1226
20 1227
20 1228
20 1229
20 1230
21 1231
21 1232
21 1233
21 1234
21 1235
21 1236
21 1237
21 1238
21 1239
21 1240
21 1241
21 1242
21 1243
21 1244
21 1245
21 1246
21 1247
21 1248
21 1249
21 1250
21 1251
21 1252
21 1253
21 1254
21 1255
21 1256
21 1257
21 1258
21 1259
21 1260
21 1261
21 1262
21 1263
21 1264
21 1265
21 1266
21 1267
21 1268
21 1269
21 1270
21 1271
21 1272
21 1273
21 1274
21 1275
21 1276
21 1277
21 1278
21 1279
21 1280
21 1281
21 1282
21 1283
21 1284
21 1285
21 1286
21 1287
21 1288
21 1289
21 1290
21 1291
21 1292
21 1293
21 1294
21 1295
21 1296
21 1297
21 1298
21 1299
21 1300
21 1301
21 1302
21 1303
21 1304
21 1305
21 1306
21 1307
21 1308
21 1309
21 1310
21 1311
21 1312
21 1313
21 1314
21 1315
21 1316
21 1317
21 1318
21 1319
21 1320
21 1321
21 1322
21 1323
21 1324
21 1325
21 1326
21 1327
21 1328
21 1329
21 1330
21 1331
21 1332
21 1333
21 1334
21 1335
21 1336
21 1337
21 1338
21 1339
21 1340
21 1341
21 1342
21 1343
21 1344
21 1345
21 1346
21 1347
21 1348
21 1349
21 1350
21 1351
21 1352
21 1353
21 1354
21 1355
21 1356
21 1357
21 1358
21 1359
21 1360
21 1361
21 1362
21 1363
21 1364
21 1365
21 1366
21 1367
21 1368
21 1369
21 1370
21 1371
21 1372
21 1373
21 1374
21 1375
21 1376
21 1377
21 1378
21 1379
21 1380
21 1381
21 1382
21 1383
21 1384
21 1385
21 1386
21 1387
21 1388
21 1389
21 1390
21 1391
21 1392
21 1393
21 1394
21 1395
21 1396
21 1397
21 1398
21 1399
21 1400
21 1401
21 1402
21 1403
21 1404
21 1405
21 1406
21 1407
21 1408
21 1409
21 1410
21 1411
21 1412
21 1413
21 1414
21 1415
21 1416
21 1417
21 1418
21 1419
21 1420
21 1421
21 1422
21 1423
21 1424
21 1425
21 1426
21 1427
21 1428
21 1429
21 1430
21 1431
21 1432
21 1433
21 1434
21 1435
21 1436
21 1437
21 1438
21 1439
21 1440
21 1441
21 1442
21 1443
21 1444
21 1445
21 1446
21 1447
21 1448
21 1449
21 1450
21 1451
21 1452
21 1453
21 1454
21 1455
21 1456
21 1457
21 1458
21 1459
21 1460
21 1461
21 1462
21 1463
21 1464
21 1465
21 1466
21 1467
21 1468
21 1469
21 1470
21 1471
21 1472
21 1473
21 1474
21 1475
21 1476
21 1477
21 1478
21 1479
21 1480
21 1481
21 1482
21 1483
21 1484
21 1485
21 1486
21 1487
21 1488
21 1489
21 1490
21 1491
21 1492
21 1493
21 1494
21 1495
21 1496
21 1497
21 1498
21 1499
21 1500
21 1501
21 1502
21 1503
21 1504
21 1505
21 1506
21 1507
21 1508
21 1509
21 1510
21 1511
21 1512
21 1513
21 1514
21 1515
21 1516
21 1517
21 1518
21 1519
21 1520
21 1521
21 1522
21 1523
21 1524
21 1525
21 1526
21 1527
21 1528
21 1529
21 1530
21 1531
21 1532
21 1533
21 1534
21 1535
21 1536
21 1537
21 1538
21 1539
21 1540
21 1541
21 1542
21 1543
21 1544
21 1545
21 1546
21 1547
21 1548
21 1549
21 1550
21 1551
21 1552
21 1553
21 1554
21 1555
21 1556
21 1557
21 1558
21 1559
21 1560
21 1561
21 1562
21 1563
21 1564
21 1565
21 1566
21 1567
21 1568
21 1569
21 1570
21 1571
21 1572
21 1573
21 1574
21 1575
21 1576
21 1577
21 1578
21 1579
21 1580
21 1581
21 1582
21 1583
21 1584
21 1585
21 1586
21 1587
21 1588
21 1589
21 1590
21 1591
21 1592
21 1593
21 1594
21 1595
21 1596
21 1597
21 1598
21 1599
21 1600
21 1601
21 1602
21 1603
21 1604
21 1605
21 1606
21 1607
21 1608
21 1609
21 1610
21 1611
21 1612
21 1613
21 1614
21 1615
21 1616
21 1617
21 1618
21 1619
21 1620
21 1621
21 1622
21 1623
21 1624
21 1625
21 1626
21 1627
21 1628
21 1629
21 1630
21 1631
21 1632
21 1633
21 1634
21 1635
21 1636
21 1637
21 1638
21 1639
21 1640
21 1641
21 1642
21 1643
21 1644
21 1645
21 1646
21 1647
21 1648
21 1649
21 1650
21 1651
21 1652
21 1653
21 1654
21 1655
21 1656
21 1657
21 1658
21 1659
21 1660
21 1661
21 1662
21 1663
21 1664
21 1665
21 1666
21 1667
21 1668
21 1669
21 1670
21 1671
21 1672
21 1673
21 1674
21 1675
21 1676
21 1677
21 1678
21 1679
21 1680
21 1681
21 1682
21 1683
21 1684
21 1685
21 1686
21 1687
21 1688
21 1689
21 1690
21 1691
21 1692
21 1693
21 1694
21 1695
21 1696
21 1697
21 1698
21 1699
21 1700
21 1701
21 1702
21 1703
21 1704
21 1705
21 1706
21 1707
21 1708
21 1709
21 1710
21 1711
21 1712
21 1713
21 1714
21 1715
21 1716
21 1717
21 1718
21 1719
21 1720
21 1721
21 1722
21 1723
21 1724
21 1725
21 1726
21 1727
21 1728
21 1729
21 1730
21 1731
21 1732
21 1733
21 1734
21 1735
21 1736
21 1737
21 1738
21 1739
21 1740
21 1741
21 1742
21 1743
21 1744
21 1745
21 1746
21 1747
21 1748
21 1749
21 1750
21 1751
21 1752
21 1753
21 1754
21 1755
21 1756
21 1757
21 1758
21 1759
21 1760
21 1761
21 1762
21 1763
21 1764
21 1765
21 1766
21 1767
21 1768
21 1769
21 1770
21 1771
21 1772
21 1773
21 1774
21 1775
21 1776
21 1777
21 1778
21 1779
21 1780
21 1781
21 1782
21 1783
21 1784
21 1785
21 1786
21 1787
21 1788
21 1789
21 1790
21 1791
21 1792
21 1793
21 1794
21 1795
21 1796
21 1797
21 1798
21 1799
21 1800
21 1801
21 1802
21 1803
21 1804
21 1805
21 1806
21 1807
21 1808
21 1809
21 1810
21 1811
21 1812
21 1813
21 1814
21 1815
21 1816
21 1817
21 1818
21 1819
21 1820
21 1821
21 1822
21 1823
21 1824
21 1825
21 1826
21 1827
21 1828
21 1829
21 1830
21 1831
21 1832
21 1833
21 1834
21 1835
21 1836
21 1837
21 1838
21 1839
21 1840
21 1841
21 1842
21 1843
21 1844
21 1845
21 1846
21 1847
21 1848
21 1849
21 1850
21 1851
21 1852
21 1853
21 1854
21 1855
21 1856
21 1857
21 1858
21 1859
21 1860
21 1861
21 1862
21 1863
21 1864
21 1865
21 1866
21 1867
21 1868
21 1869
21 1870
21 1871
21 1872
21 1873
21 1874
21 1875
21 1876
21 1877
21 1878
21 1879
21 1880
21 1881
21 1882
21 1883
21 1884
21 1885
21 1886
21 1887
21 1888
21 1889
21 1890
21 1891
21 1892
21 1893
21 1894
21 1895
21 1896
21 1897
21 1898
21 1899
21 1900
21 1901
21 1902
21 1903
21 1904
21 1905
21 1906
21 1907
21 1908
21 1909
21 1910
21 1911
21 1912
21 1913
21 1914
21 1915
21 1916
21 1917
21 1918
21 1919
21 1920
21 1921
21 1922
21 1923
21 1924
21 1925
21 1926
21 1927
21 1928
21 1929
21 1930
21 1931
21 1932
21 1933
21 1934
21 1935
21 1936
21 1937
21 1938
21 1939
21 1940
21 1941
21 1942
21 1943
21 1944
21 1945
21 1946
21 1947
21 1948
21 1949
21 1950
21 1951
21 1952
21 1953
21 1954
21 1955
21 1956
21 1957
21 1958
21 1959
21 1960
21 1961
21 1962
21 1963
21 1964
21 1965
21 1966
21 1967
21 1968
21 1969
21 1970
21 1971
21 1972
21 1973
21 1974
21 1975
21 1976
21 1977
21 1978
21 1979
21 1980
21 1981
21 1982
21 1983
21 1984
21 1985
21 1986
21 1987
21 1988
21 1989
21 1990
21 1991
21 1992
21 1993
21 1994
21 1995
21 1996
21 1997
21 1998
21 1999
21 2000
21 2000
9 1
9 2
9 3
9 4
10 5
10 6
10 7
10 8
10 9
11 10
11 11
11 12
11 13
11 14
11 15
11 16
11 17
11 18
11 19
11 20
11 21
12 22
12 23
12 24
12 25
12 26
12 27
12 28
12 29
12 30
12 31
12 32
12 33
12 34
12 35
12 36
12 37
12 38
12 39
12 40
12 41
12 42
12 43
12 44
12 45
12 46
12 47
12 48
12 49
13 50
13 51
13 52
13 53
13 54
13 55
13 56
13 57
13 58
13 59
13 60
13 61
13 62
13 63
13 64
13 65
13 66
13 67
13 68
13 69
13 70
13 71
13 72
13 73
13 74
13 75
13 76
13 77
13 78
13 79
13 80
13 81
13 82
13 83
13 84
13 85
13 86
13 87
13 88
13 89
13 90
13 91
13 92
13 93
13 94
13 95
13 96
13 97
13 98
13 99
13 100
13 101
13 102
13 103
13 104
13 105
13 106
13 107
13 108
13 109
13 110
13 111
13 112
13 113
13 114
14 115
14 116
14 117
14 118
14 119
14 120
14 121
14 122
14 123
14 124
14 125
14 126
14 127
14 128
14 129
14 130
14 131
14 132
14 133
14 134
14 135
14 136
14 137
14 138
14 139
14 140
14 141
14 142
14 143
14 144
14 145
14 146
14 147
14 148
14 149
14 150
14 151
14 152
14 153
14 154
14 155
14 156
14 157
14 158
14 159
14 160
14 161
14 162
14 163
14 164
14 165
14 166
14 167
14 168
14 169
14 170
14 171
14 172
14 173
14 174
14 175
14 176
14 177
14 178
14 179
14 180
14 181
14 182
14 183
14 184
14 185
14 186
14 187
14 188
14 189
14 190
14 191
14 192
14 193
14 194
14 195
14 196
14 197
14 198
14 199
14 200
14 201
14 202
14 203
14 204
14 205
14 206
14 207
14 208
14 209
14 210
14 211
14 212
14 213
14 214
14 215
14 216
14 217
14 218
14 219
14 220
14 221
14 222
14 223
14 224
14 225
14 226
14 227
14 228
14 229
14 230
14 231
14 232
14 233
14 234
14 235
14 236
14 237
14 238
14 239
14 240
14 241
14 242
14 243
14 244
14 245
14 246
14 247
14 248
14 249
14 250
14 251
14 252
14 253
14 254
14 255
14 256
14 257
14 258
14 259
14 260
14 261
14 262
14 263
14 264
14 265
14 266
15 267
15 268
15 269
15 270
15 271
15 272
15 273
15 274
15 275
15 276
15 277
15 278
15 279
15 280
15 281
15 282
15 283
15 284
15 285
15 286
15 287
15 288
15 289
15 290
15 291
15 292
15 293
15 294
15 295
15 296
15 297
15 298
15 299
15 300
15 301
15 302
15 303
15 304
15 305
15 306
15 307
15 308
15 309
15 310
15 311
15 312
15 313
15 314
15 315
15 316
15 317
15 318
15 319
15 320
15 321
15 322
15 323
15 324
15 325
15 326
15 327
15 328
15 329
15 330
15 331
15 332
15 333
15 334
15 335
15 336
15 337
15 338
15 339
15 340
15 341
15 342
15 343
15 344
15 345
15 346
15 347
15 348
15 349
15 350
15 351
15 352
15 353
15 354
15 355
15 356
15 357
15 358
15 359
15 360
15 361
15 362
15 363
15 364
15 365
15 366
15 367
15 368
15 369
15 370
15 371
15 372
15 373
15 374
15 375
15 376
15 377
15 378
15 379
15 380
15 381
15 382
15 383
15 384
15 385
15 386
15 387
15 388
15 389
15 390
15 391
15 392
15 393
15 394
15 395
15 396
15 397
15 398
15 399
15 400
15 401
15 402
15 403
15 404
15 405
15 406
15 407
15 408
15 409
15 410
15 411
15 412
15 413
15 414
15 415
15 416
15 417
15 418
15 419
15 420
15 421
15 422
15 423
15 424
15 425
15 426
15 427
15 428
15 429
15 430
15 431
15 432
15 433
15 434
15 435
15 436
15 437
15 438
15 439
15 440
15 441
15 442
15 443
15 444
15 445
15 446
15 447
15 448
15 449
15 450
15 451
15 452
15 453
15 454
15 455
15 456
15 457
15 458
15 459
15 460
15 461
15 462
15 463
15 464
15 465
15 466
15 467
15 468
15 469
15 470
15 471
15 472
15 473
15 474
15 475
15 476
15 477
15 478
15 479
15 480
15 481
15 482
15 483
15 484
15 485
15 486
15 487
15 488
15 489
15 490
15 491
15 492
15 493
15 494
15 495
15 496
15 497
15 498
15 499
15 500
15 501
15 502
15 503
15 504
15 505
15 506
15 507
15 508
15 509
15 510
15 511
15 512
15 513
15 514
15 515
15 516
15 517
15 518
15 519
15 520
15 521
15 522
15 523
15 524
15 525
15 526
15 527
15 528
15 529
15 530
15 531
15 532
15 533
15 534
15 535
15 536
15 537
15 538
15 539
15 540
15 541
15 542
15 543
15 544
15 545
15 546
15 547
15 548
15 549
15 550
15 551
15 552
15 553
15 554
15 555
15 556
15 557
15 558
15 559
15 560
15 561
15 562
15 563
15 564
15 565
15 566
15 567
15 568
15 569
15 570
15 571
15 572
15 573
15 574
15 575
15 576
15 577
15 578
15 579
15 580
15 581
15 582
15 583
15 584
15 585
15 586
15 587
15 588
15 589
15 590
15 591
15 592
15 593
15 594
15 595
15 596
15 597
15 598
15 599
15 600
15 601
15 602
15 603
15 604
15 605
15 606
15 607
15 608
15 609
15 610
15 611
15 612
15 613
15 614
15 615
15 616
15 617
15 618
15 619
15 620
16 621
16 622
16 623
16 624
16 625
16 626
16 627
16 628
16 629
16 630
16 631
16 632
16 633
16 634
16 635
16 636
16 637
16 638
16 639
16 640
16 641
16 642
16 643
16 644
16 645
16 646
16 647
16 648
16 649
16 650
16 651
16 652
16 653
16 654
16 655
16 656
16 657
16 658
16 659
16 660
16 661
16 662
16 663
16 664
16 665
16 666
16 667
16 668
16 669
16 670
16 671
16 672
16 673
16 674
16 675
16 676
16 677
16 678
16 679
16 680
16 681
16 682
16 683
16 684
16 685
16 686
16 687
16 688
16 689
16 690
16 691
16 692
16 693
16 694
16 695
16 696
16 697
16 698
16 699
16 700
16 701
16 702
16 703
16 704
16 705
16 706
16 707
16 708
16 709
16 710
16 711
16 712
16 713
16 714
16 715
16 716
16 717
16 718
16 719
16 720
16 721
16 722
16 723
16 724
16 725
16 726
16 727
16 728
16 729
16 730
16 731
16 732
16 733
16 734
16 735
16 736
16 737
16 738
16 739
16 740
16 741
16 742
16 743
16 744
16 745
16 746
16 747
16 748
16 749
16 750
16 751
16 752
16 753
16 754
16 755
16 756
16 757
16 758
16 759
16 760
16 761
16 762
16 763
16 764
16 765
16 766
16 767
16 768
16 769
16 770
16 771
16 772
16 773
16 774
16 775
16 776
16 777
16 778
16 779
16 780
16 781
16 782
16 783
16 784
16 785
16 786
16 787
16 788
16 789
16 790
16 791
16 792
16 793
16 794
16 795
16 796
16 797
16 798
16 799
16 800
16 801
16 802
16 803
16 804
16 805
16 806
16 807
16 808
16 809
16 810
16 811
16 812
16 813
16 814
16 815
16 816
16 817
16 818
16 819
16 820
16 821
16 822
16 823
16 824
16 825
16 826
16 827
16 828
16 829
16 830
16 831
16 832
16 833
16 834
16 835
16 836
16 837
16 838
16 839
16 840
16 841
16 842
16 843
16 844
16 845
16 846
16 847
16 848
16 849
16 850
16 851
16 852
16 853
16 854
16 855
16 856
16 857
16 858
16 859
16 860
16 861
16 862
16 863
16 864
16 865
16 866
16 867
16 868
16 869
16 870
16 871
16 872
16 873
16 874
16 875
16 876
16 877
16 878
16 879
16 880
16 881
16 882
16 883
16 884
16 885
16 886
16 887
16 888
16 889
16 890
16 891
16 892
16 893
16 894
16 895
16 896
16 897
16 898
16 899
16 900
16 901
16 902
16 903
16 904
16 905
16 906
16 907
16 908
16 909
16 910
16 911
16 912
16 913
16 914
16 915
16 916
16 917
16 918
16 919
16 920
16 921
16 922
16 923
16 924
16 925
16 926
16 927
16 928
16 929
16 930
16 931
16 932
16 933
16 934
16 935
16 936
16 937
16 938
16 939
16 940
16 941
16 942
16 943
16 944
16 945
16 946
16 947
16 948
16 949
16 950
16 951
16 952
16 953
16 954
16 955
16 956
16 957
16 958
16 959
16 960
16 961
16 962
16 963
16 964
16 965
16 966
16 967
16 968
16 969
16 970
16 971
16 972
16 973
16 974
16 975
16 976
16 977
16 978
16 979
16 980
16 981
16 982
16 983
16 984
16 985
16 986
16 987
16 988
16 989
16 990
16 991
16 992
16 993
16 994
16 995
16 996
16 997
16 998
16 999
16 1000
16 1001
16 1002
16 1003
16 1004
16 1005
16 1006
16 1007
16 1008
16 1009
16 1010
16 1011
16 1012
16 1013
16 1014
16 1015
16 1016
16 1017
16 1018
16 1019
16 1020
16 1021
16 1022
16 1023
16 1024
16 1025
16 1026
16 1027
16 1028
16 1029
16 1030
16 1031
16 1032
16 1033
16 1034
16 1035
16 1036
16 1037
16 1038
16 1039
16 1040
16 1041
16 1042
16 1043
16 1044
16 1045
16 1046
16 1047
16 1048
16 1049
16 1050
16 1051
16 1052
16 1053
16 1054
16 1055
16 1056
16 1057
16 1058
16 1059
16 1060
16 1061
16 1062
16 1063
16 1064
16 1065
16 1066
16 1067
16 1068
16 1069
16 1070
16 1071
16 1072
16 1073
16 1074
16 1075
16 1076
16 1077
16 1078
16 1079
16 1080
16 1081
16 1082
16 1083
16 1084
16 1085
16 1086
16 1087
16 1088
16 1089
16 1090
16 1091
16 1092
16 1093
16 1094
16 1095
16 1096
16 1097
16 1098
16 1099
16 1100
16 1101
16 1102
16 1103
16 1104
16 1105
16 1106
16 1107
16 1108
16 1109
16 1110
16 1111
16 1112
16 1113
16 1114
16 1115
16 1116
16 1117
16 1118
16 1119
16 1120
16 1121
16 1122
16 1123
16 1124
16 1125
16 1126
16 1127
16 1128
16 1129
16 1130
16 1131
16 1132
16 1133
16 1134
16 1135
16 1136
16 1137
16 1138
16 1139
16 1140
16 1141
16 1142
16 1143
16 1144
16 1145
16 1146
16 1147
16 1148
16 1149
16 1150
16 1151
16 1152
16 1153
16 1154
16 1155
16 1156
16 1157
16 1158
16 1159
16 1160
16 1161
16 1162
16 1163
16 1164
16 1165
16 1166
16 1167
16 1168
16 1169
16 1170
16 1171
16 1172
16 1173
16 1174
16 1175
16 1176
16 1177
16 1178
16 1179
16 1180
16 1181
16 1182
16 1183
16 1184
16 1185
16 1186
16 1187
16 1188
16 1189
16 1190
16 1191
16 1192
16 1193
16 1194
16 1195
16 1196
16 1197
16 1198
16 1199
16 1200
16 1201
16 1202
16 1203
16 1204
16 1205
16 1206
16 1207
16 1208
16 1209
16 1210
16 1211
16 1212
16 1213
16 1214
16 1215
16 1216
16 1217
16 1218
16 1219
16 1220
16 1221
16 1222
16 1223
16 1224
16 1225
16 1226
16 1227
16 1228
16 1229
16 1230
16 1231
16 1232
16 1233
16 1234
16 1235
16 1236
16 1237
16 1238
16 1239
16 1240
16 1241
16 1242
16 1243
16 1244
16 1245
16 1246
16 1247
16 1248
16 1249
16 1250
16 1251
16 1252
16 1253
16 1254
16 1255
16 1256
16 1257
16 1258
16 1259
16 1260
16 1261
16 1262
16 1263
16 1264
16 1265
16 1266
16 1267
16 1268
16 1269
16 1270
16 1271
16 1272
16 1273
16 1274
16 1275
16 1276
16 1277
16 1278
16 1279
16 1280
16 1281
16 1282
16 1283
16 1284
16 1285
16 1286
16 1287
16 1288
16 1289
16 1290
16 1291
16 1292
16 1293
16 1294
16 1295
16 1296
16 1297
16 1298
16 1299
16 1300
16 1301
16 1302
16 1303
16 1304
16 1305
16 1306
16 1307
16 1308
16 1309
16 1310
16 1311
16 1312
16 1313
16 1314
16 1315
16 1316
16 1317
16 1318
16 1319
16 1320
16 1321
16 1322
16 1323
16 1324
16 1325
16 1326
16 1327
16 1328
16 1329
16 1330
16 1331
16 1332
16 1333
16 1334
16 1335
16 1336
16 1337
16 1338
16 1339
16 1340
16 1341
16 1342
16 1343
16 1344
16 1345
16 1346
16 1347
16 1348
16 1349
16 1350
16 1351
16 1352
16 1353
16 1354
16 1355
16 1356
16 1357
16 1358
16 1359
16 1360
16 1361
16 1362
16 1363
16 1364
16 1365
16 1366
16 1367
16 1368
16 1369
16 1370
16 1371
16 1372
16 1373
16 1374
16 1375
16 1376
16 1377
16 1378
16 1379
16 1380
16 1381
16 1382
16 1383
16 1384
16 1385
16 1386
16 1387
16 1388
16 1389
16 1390
16 1391
16 1392
16 1393
16 1394
16 1395
16 1396
16 1397
16 1398
16 1399
16 1400
16 1401
16 1402
16 1403
16 1404
16 1405
16 1406
16 1407
16 1408
16 1409
16 1410
16 1411
16 1412
16 1413
16 1414
16 1415
16 1416
16 1417
16 1418
16 1419
16 1420
16 1421
16 1422
16 1423
16 1424
16 1425
16 1426
16 1427
16 1428
16 1429
16 1430
16 1431
16 1432
16 1433
16 1434
16 1435
16 1436
16 1437
16 1438
16 1439
16 1440
16 1441
16 1442
16 1443
16 1444
16 1445
16 1446
17 1447
17 1448
17 1449
17 1450
17 1451
17 1452
17 1453
17 1454
17 1455
17 1456
17 1457
17 1458
17 1459
17 1460
17 1461
17 1462
17 1463
17 1464
17 1465
17 1466
17 1467
17 1468
17 1469
17 1470
17 1471
17 1472
17 1473
17 1474
17 1475
17 1476
17 1477
17 1478
17 1479
17 1480
17 1481
17 1482
17 1483
17 1484
17 1485
17 1486
17 1487
17 1488
17 1489
17 1490
17 1491
17 1492
17 1493
17 1494
17 1495
17 1496
17 1497
17 1498
17 1499
17 1500
17 1501
17 1502
17 1503
17 1504
17 1505
17 1506
17 1507
17 1508
17 1509
17 1510
17 1511
17 1512
17 1513
17 1514
17 1515
17 1516
17 1517
17 1518
17 1519
17 1520
17 1521
17 1522
17 1523
17 1524
17 1525
17 1526
17 1527
17 1528
17 1529
17 1530
17 1531
17 1532
17 1533
17 1534
17 1535
17 1536
17 1537
17 1538
17 1539
17 1540
17 1541
17 1542
17 1543
17 1544
17 1545
17 1546
17 1547
17 1548
17 1549
17 1550
17 1551
17 1552
17 1553
17 1554
17 1555
17 1556
17 1557
17 1558
17 1559
17 1560
17 1561
17 1562
17 1563
17 1564
17 1565
17 1566
17 1567
17 1568
17 1569
17 1570
17 1571
17 1572
17 1573
17 1574
17 1575
17 1576
17 1577
17 1578
17 1579
17 1580
17 1581
17 1582
17 1583
17 1584
17 1585
17 1586
17 1587
17 1588
17 1589
17 1590
17 1591
17 1592
17 1593
17 1594
17 1595
17 1596
17 1597
17 1598
17 1599
17 1600
17 1601
17 1602
17 1603
17 1604
17 1605
17 1606
17 1607
17 1608
17 1609
17 1610
17 1611
17 1612
17 1613
17 1614
17 1615
17 1616
17 1617
17 1618
17 1619
17 1620
17 1621
17 1622
17 1623
17 1624
17 1625
17 1626
17 1627
17 1628
17 1629
17 1630
17 1631
17 1632
17 1633
17 1634
17 1635
17 1636
17 1637
17 1638
17 1639
17 1640
17 1641
17 1642
17 1643
17 1644
17 1645
17 1646
17 1647
17 1648
17 1649
17 1650
17 1651
17 1652
17 1653
17 1654
17 1655
17 1656
17 1657
17 1658
17 1659
17 1660
17 1661
17 1662
17 1663
17 1664
17 1665
17 1666
17 1667
17 1668
17 1669
17 1670
17 1671
17 1672
17 1673
17 1674
17 1675
17 1676
17 1677
17 1678
17 1679
17 1680
17 1681
17 1682
17 1683
17 1684
17 1685
17 1686
17 1687
17 1688
17 1689
17 1690
17 1691
17 1692
17 1693
17 1694
17 1695
17 1696
17 1697
17 1698
17 1699
17 1700
17 1701
17 1702
17 1703
17 1704
17 1705
17 1706
17 1707
17 1708
17 1709
17 1710
17 1711
17 1712
17 1713
17 1714
17 1715
17 1716
17 1717
17 1718
17 1719
17 1720
17 1721
17 1722
17 1723
17 1724
17 1725
17 1726
17 1727
17 1728
17 1729
17 1730
17 1731
17 1732
17 1733
17 1734
17 1735
17 1736
17 1737
17 1738
17 1739
17 1740
17 1741
17 1742
17 1743
17 1744
17 1745
17 1746
17 1747
17 1748
17 1749
17 1750
17 1751
17 1752
17 1753
17 1754
17 1755
17 1756
17 1757
17 1758
17 1759
17 1760
17 1761
17 1762
17 1763
17 1764
17 1765
17 1766
17 1767
17 1768
17 1769
17 1770
17 1771
17 1772
17 1773
17 1774
17 1775
17 1776
17 1777
17 1778
17 1779
17 1780
17 1781
17 1782
17 1783
17 1784
17 1785
17 1786
17 1787
17 1788
17 1789
17 1790
17 1791
17 1792
17 1793
17 1794
17 1795
17 1796
17 1797
17 1798
17 1799
17 1800
17 1801
17 1802
17 1803
17 1804
17 1805
17 1806
17 1807
17 1808
17 1809
17 1810
17 1811
17 1812
17 1813
17 1814
17 1815
17 1816
17 1817
17 1818
17 1819
17 1820
17 1821
17 1822
17 1823
17 1824
17 1825
17 1826
17 1827
17 1828
17 1829
17 1830
17 1831
17 1832
17 1833
17 1834
17 1835
17 1836
17 1837
17 1838
17 1839
17 1840
17 1841
17 1842
17 1843
17 1844
17 1845
17 1846
17 1847
17 1848
17 1849
17 1850
17 1851
17 1852
17 1853
17 1854
17 1855
17 1856
17 1857
17 1858
17 1859
17 1860
17 1861
17 1862
17 1863
17 1864
17 1865
17 1866
17 1867
17 1868
17 1869
17 1870
17 1871
17 1872
17 1873
17 1874
17 1875
17 1876
17 1877
17 1878
17 1879
17 1880
17 1881
17 1882
17 1883
17 1884
17 1885
17 1886
17 1887
17 1888
17 1889
17 1890
17 1891
17 1892
17 1893
17 1894
17 1895
17 1896
17 1897
17 1898
17 1899
17 1900
17 1901
17 1902
17 1903
17 1904
17 1905
17 1906
17 1907
17 1908
17 1909
17 1910
17 1911
17 1912
17 1913
17 1914
17 1915
17 1916
17 1917
17 1918
17 1919
17 1920
17 1921
17 1922
17 1923
17 1924
17 1925
17 1926
17 1927
17 1928
17 1929
17 1930
17 1931
17 1932
17 1933
17 1934
17 1935
17 1936
17 1937
17 1938
17 1939
17 1940
17 1941
17 1942
17 1943
17 1944
17 1945
17 1946
17 1947
17 1948
17 1949
17 1950
17 1951
17 1952
17 1953
17 1954
17 1955
17 1956
17 1957
17 1958
17 1959
17 1960
17 1961
17 1962
17 1963
17 1964
17 1965
17 1966
17 1967
17 1968
17 1969
17 1970
17 1971
17 1972
17 1973
17 1974
17 1975
17 1976
17 1977
17 1978
17 1979
17 1980
17 1981
17 1982
17 1983
17 1984
17 1985
17 1986
17 1987
17 1988
17 1989
17 1990
17 1991
17 1992
17 1993
17 1994
17 1995
17 1996
17 1997
17 1998
17 1999
17 2000
17 2000
