6 1
7 2
8 3
9 4
10 5
11 6
12 7
12 8
13 9
13 10
14 11
14 12
14 13
15 14
15 15
15 16
15 17
16 18
16 19
16 20
16 21
16 22
17 23
17 24
17 25
17 26
17 27
17 28
17 29
18 30
18 31
18 32
18 33
18 34
18 35
18 36
18 37
18 38
19 39
19 40
19 41
19 42
19 43
19 44
19 45
19 46
19 47
19 48
19 49
19 50
20 51
20 52
20 53
20 54
20 55
20 56
20 57
20 58
20 59
20 60
20 61
20 62
20 63
20 64
20 65
20 66
21 67
21 68
21 69
21 70
21 71
21 72
21 73
21 74
21 75
21 76
21 77
21 78
21 79
21 80
21 81
21 82
21 83
21 84
21 85
21 86
21 87
21 88
22 89
22 90
22 91
22 92
22 93
22 94
22 95
22 96
22 97
22 98
22 99
22 100
22 101
22 102
22 103
22 104
22 105
22 106
22 107
22 108
22 109
22 110
22 111
22 112
22 113
22 114
22 115
22 116
22 117
23 118
23 119
23 120
23 121
23 122
23 123
23 124
23 125
23 126
23 127
23 128
23 129
23 130
23 131
23 132
23 133
23 134
23 135
23 136
23 137
23 138
23 139
23 140
23 141
23 142
23 143
23 144
23 145
23 146
23 147
23 148
23 149
23 150
23 151
23 152
23 153
23 154
23 155
23 156
24 157
24 158
24 159
24 160
24 161
24 162
24 163
24 164
24 165
24 166
24 167
24 168
24 169
24 170
24 171
24 172
24 173
24 174
24 175
24 176
24 177
24 178
24 179
24 180
24 181
24 182
24 183
24 184
24 185
24 186
24 187
24 188
24 189
24 190
24 191
24 192
24 193
24 194
24 195
24 196
24 197
24 198
24 199
24 200
24 201
24 202
24 203
24 204
24 205
24 206
24 207
24 208
25 209
25 210
25 211
25 212
25 213
25 214
25 215
25 216
25 217
25 218
25 219
25 220
25 221
25 222
25 223
25 224
25 225
25 226
25 227
25 228
25 229
25 230
25 231
25 232
25 233
25 234
25 235
25 236
25 237
25 238
25 239
25 240
25 241
25 242
25 243
25 244
25 245
25 246
25 247
25 248
25 249
25 250
25 251
25 252
25 253
25 254
25 255
25 256
25 257
25 258
25 259
25 260
25 261
25 262
25 263
25 264
25 265
25 266
25 267
25 268
25 269
25 270
25 271
25 272
25 273
25 274
25 275
25 276
25 277
26 278
26 279
26 280
26 281
26 282
26 283
26 284
26 285
26 286
26 287
26 288
26 289
26 290
26 291
26 292
26 293
26 294
26 295
26 296
26 297
26 298
26 299
26 300
26 301
26 302
26 303
26 304
26 305
26 306
26 307
26 308
26 309
26 310
26 311
26 312
26 313
26 314
26 315
26 316
26 317
26 318
26 319
26 320
26 321
26 322
26 323
26 324
26 325
26 326
26 327
26 328
26 329
26 330
26 331
26 332
26 333
26 334
26 335
26 336
26 337
26 338
26 339
26 340
26 341
26 342
26 343
26 344
26 345
26 346
26 347
26 348
26 349
26 350
26 351
26 352
26 353
26 354
26 355
26 356
26 357
26 358
26 359
26 360
26 361
26 362
26 363
26 364
26 365
26 366
26 367
26 368
26 369
27 370
27 371
27 372
27 373
27 374
27 375
27 376
27 377
27 378
27 379
27 380
27 381
27 382
27 383
27 384
27 385
27 386
27 387
27 388
27 389
27 390
27 391
27 392
27 393
27 394
27 395
27 396
27 397
27 398
27 399
27 400
27 401
27 402
27 403
27 404
27 405
27 406
27 407
27 408
27 409
27 410
27 411
27 412
27 413
27 414
27 415
27 416
27 417
27 418
27 419
27 420
27 421
27 422
27 423
27 424
27 425
27 426
27 427
27 428
27 429
27 430
27 431
27 432
27 433
27 434
27 435
27 436
27 437
27 438
27 439
27 440
27 441
27 442
27 443
27 444
27 445
27 446
27 447
27 448
27 449
27 450
27 451
27 452
27 453
27 454
27 455
27 456
27 457
27 458
27 459
27 460
27 461
27 462
27 463
27 464
27 465
27 466
27 467
27 468
27 469
27 470
27 471
27 472
27 473
27 474
27 475
27 476
27 477
27 478
27 479
27 480
27 481
27 482
27 483
27 484
27 485
27 486
27 487
27 488
27 489
27 490
27 491
27 492
28 493
28 494
28 495
28 496
28 497
28 498
28 499
28 500
28 501
28 502
28 503
28 504
28 505
28 506
28 507
28 508
28 509
28 510
28 511
28 512
28 513
28 514
28 515
28 516
28 517
28 518
28 519
28 520
28 521
28 522
28 523
28 524
28 525
28 526
28 527
28 528
28 529
28 530
28 531
28 532
28 533
28 534
28 535
28 536
28 537
28 538
28 539
28 540
28 541
28 542
28 543
28 544
28 545
28 546
28 547
28 548
28 549
28 550
28 551
28 552
28 553
28 554
28 555
28 556
28 557
28 558
28 559
28 560
28 561
28 562
28 563
28 564
28 565
28 566
28 567
28 568
28 569
28 570
28 571
28 572
28 573
28 574
28 575
28 576
28 577
28 578
28 579
28 580
28 581
28 582
28 583
28 584
28 585
28 586
28 587
28 588
28 589
28 590
28 591
28 592
28 593
28 594
28 595
28 596
28 597
28 598
28 599
28 600
28 601
28 602
28 603
28 604
28 605
28 606
28 607
28 608
28 609
28 610
28 611
28 612
28 613
28 614
28 615
28 616
28 617
28 618
28 619
28 620
28 621
28 622
28 623
28 624
28 625
28 626
28 627
28 628
28 629
28 630
28 631
28 632
28 633
28 634
28 635
28 636
28 637
28 638
28 639
28 640
28 641
28 642
28 643
28 644
28 645
28 646
28 647
28 648
28 649
28 650
28 651
28 652
28 653
28 654
28 655
28 656
29 657
29 658
29 659
29 660
29 661
29 662
29 663
29 664
29 665
29 666
29 667
29 668
29 669
29 670
29 671
29 672
29 673
29 674
29 675
29 676
29 677
29 678
29 679
29 680
29 681
29 682
29 683
29 684
29 685
29 686
29 687
29 688
29 689
29 690
29 691
29 692
29 693
29 694
29 695
29 696
29 697
29 698
29 699
29 700
29 701
29 702
29 703
29 704
29 705
29 706
29 707
29 708
29 709
29 710
29 711
29 712
29 713
29 714
29 715
29 716
29 717
29 718
29 719
29 720
29 721
29 722
29 723
29 724
29 725
29 726
29 727
29 728
29 729
29 730
29 731
29 732
29 733
29 734
29 735
29 736
29 737
29 738
29 739
29 740
29 741
29 742
29 743
29 744
29 745
29 746
29 747
29 748
29 749
29 750
29 751
29 752
29 753
29 754
29 755
29 756
29 757
29 758
29 759
29 760
29 761
29 762
29 763
29 764
29 765
29 766
29 767
29 768
29 769
29 770
29 771
29 772
29 773
29 774
29 775
29 776
29 777
29 778
29 779
29 780
29 781
29 782
29 783
29 784
29 785
29 786
29 787
29 788
29 789
29 790
29 791
29 792
29 793
29 794
29 795
29 796
29 797
29 798
29 799
29 800
29 801
29 802
29 803
29 804
29 805
29 806
29 807
29 808
29 809
29 810
29 811
29 812
29 813
29 814
29 815
29 816
29 817
29 818
29 819
29 820
29 821
29 822
29 823
29 824
29 825
29 826
29 827
29 828
29 829
29 830
29 831
29 832
29 833
29 834
29 835
29 836
29 837
29 838
29 839
29 840
29 841
29 842
29 843
29 844
29 845
29 846
29 847
29 848
29 849
29 850
29 851
29 852
29 853
29 854
29 855
29 856
29 857
29 858
29 859
29 860
29 861
29 862
29 863
29 864
29 865
29 866
29 867
29 868
29 869
29 870
29 871
29 872
29 873
29 874
30 875
30 876
30 877
30 878
30 879
30 880
30 881
30 882
30 883
30 884
30 885
30 886
30 887
30 888
30 889
30 890
30 891
30 892
30 893
30 894
30 895
30 896
30 897
30 898
30 899
30 900
30 901
30 902
30 903
30 904
30 905
30 906
30 907
30 908
30 909
30 910
30 911
30 912
30 913
30 914
30 915
30 916
30 917
30 918
30 919
30 920
30 921
30 922
30 923
30 924
30 925
30 926
30 927
30 928
30 929
30 930
30 931
30 932
30 933
30 934
30 935
30 936
30 937
30 938
30 939
30 940
30 941
30 942
30 943
30 944
30 945
30 946
30 947
30 948
30 949
30 950
30 951
30 952
30 953
30 954
30 955
30 956
30 957
30 958
30 959
30 960
30 961
30 962
30 963
30 964
30 965
30 966
30 967
30 968
30 969
30 970
30 971
30 972
30 973
30 974
30 975
30 976
30 977
30 978
30 979
30 980
30 981
30 982
30 983
30 984
30 985
30 986
30 987
30 988
30 989
30 990
30 991
30 992
30 993
30 994
30 995
30 996
30 997
30 998
30 999
30 1000
30 1001
30 1002
30 1003
30 1004
30 1005
30 1006
30 1007
30 1008
30 1009
30 1010
30 1011
30 1012
30 1013
30 1014
30 1015
30 1016
30 1017
30 1018
30 1019
30 1020
30 1021
30 1022
30 1023
30 1024
30 1025
30 1026
30 1027
30 1028
30 1029
30 1030
30 1031
30 1032
30 1033
30 1034
30 1035
30 1036
30 1037
30 1038
30 1039
30 1040
30 1041
30 1042
30 1043
30 1044
30 1045
30 1046
30 1047
30 1048
30 1049
30 1050
30 1051
30 1052
30 1053
30 1054
30 1055
30 1056
30 1057
30 1058
30 1059
30 1060
30 1061
30 1062
30 1063
30 1064
30 1065
30 1066
30 1067
30 1068
30 1069
30 1070
30 1071
30 1072
30 1073
30 1074
30 1075
30 1076
30 1077
30 1078
30 1079
30 1080
30 1081
30 1082
30 1083
30 1084
30 1085
30 1086
30 1087
30 1088
30 1089
30 1090
30 1091
30 1092
30 1093
30 1094
30 1095
30 1096
30 1097
30 1098
30 1099
30 1100
30 1101
30 1102
30 1103
30 1104
30 1105
30 1106
30 1107
30 1108
30 1109
30 1110
30 1111
30 1112
30 1113
30 1114
30 1115
30 1116
30 1117
30 1118
30 1119
30 1120
30 1121
30 1122
30 1123
30 1124
30 1125
30 1126
30 1127
30 1128
30 1129
30 1130
30 1131
30 1132
30 1133
30 1134
30 1135
30 1136
30 1137
30 1138
30 1139
30 1140
30 1141
30 1142
30 1143
30 1144
30 1145
30 1146
30 1147
30 1148
30 1149
30 1150
30 1151
30 1152
30 1153
30 1154
30 1155
30 1156
30 1157
30 1158
30 1159
30 1160
30 1161
30 1162
30 1163
30 1164
30 1165
31 1166
31 1167
31 1168
31 1169
31 1170
31 1171
31 1172
31 1173
31 1174
31 1175
31 1176
31 1177
31 1178
31 1179
31 1180
31 1181
31 1182
31 1183
31 1184
31 1185
31 1186
31 1187
31 1188
31 1189
31 1190
31 1191
31 1192
31 1193
31 1194
31 1195
31 1196
31 1197
31 1198
31 1199
31 1200
31 1201
31 1202
31 1203
31 1204
31 1205
31 1206
31 1207
31 1208
31 1209
31 1210
31 1211
31 1212
31 1213
31 1214
31 1215
31 1216
31 1217
31 1218
31 1219
31 1220
31 1221
31 1222
31 1223
31 1224
31 1225
31 1226
31 1227
31 1228
31 1229
31 1230
31 1231
31 1232
31 1233
31 1234
31 1235
31 1236
31 1237
31 1238
31 1239
31 1240
31 1241
31 1242
31 1243
31 1244
31 1245
31 1246
31 1247
31 1248
31 1249
31 1250
31 1251
31 1252
31 1253
31 1254
31 1255
31 1256
31 1257
31 1258
31 1259
31 1260
31 1261
31 1262
31 1263
31 1264
31 1265
31 1266
31 1267
31 1268
31 1269
31 1270
31 1271
31 1272
31 1273
31 1274
31 1275
31 1276
31 1277
31 1278
31 1279
31 1280
31 1281
31 1282
31 1283
31 1284
31 1285
31 1286
31 1287
31 1288
31 1289
31 1290
31 1291
31 1292
31 1293
31 1294
31 1295
31 1296
31 1297
31 1298
31 1299
31 1300
31 1301
31 1302
31 1303
31 1304
31 1305
31 1306
31 1307
31 1308
31 1309
31 1310
31 1311
31 1312
31 1313
31 1314
31 1315
31 1316
31 1317
31 1318
31 1319
31 1320
31 1321
31 1322
31 1323
31 1324
31 1325
31 1326
31 1327
31 1328
31 1329
31 1330
31 1331
31 1332
31 1333
31 1334
31 1335
31 1336
31 1337
31 1338
31 1339
31 1340
31 1341
31 1342
31 1343
31 1344
31 1345
31 1346
31 1347
31 1348
31 1349
31 1350
31 1351
31 1352
31 1353
31 1354
31 1355
31 1356
31 1357
31 1358
31 1359
31 1360
31 1361
31 1362
31 1363
31 1364
31 1365
31 1366
31 1367
31 1368
31 1369
31 1370
31 1371
31 1372
31 1373
31 1374
31 1375
31 1376
31 1377
31 1378
31 1379
31 1380
31 1381
31 1382
31 1383
31 1384
31 1385
31 1386
31 1387
31 1388
31 1389
31 1390
31 1391
31 1392
31 1393
31 1394
31 1395
31 1396
31 1397
31 1398
31 1399
31 1400
31 1401
31 1402
31 1403
31 1404
31 1405
31 1406
31 1407
31 1408
31 1409
31 1410
31 1411
31 1412
31 1413
31 1414
31 1415
31 1416
31 1417
31 1418
31 1419
31 1420
31 1421
31 1422
31 1423
31 1424
31 1425
31 1426
31 1427
31 1428
31 1429
31 1430
31 1431
31 1432
31 1433
31 1434
31 1435
31 1436
31 1437
31 1438
31 1439
31 1440
31 1441
31 1442
31 1443
31 1444
31 1445
31 1446
31 1447
31 1448
31 1449
31 1450
31 1451
31 1452
31 1453
31 1454
31 1455
31 1456
31 1457
31 1458
31 1459
31 1460
31 1461
31 1462
31 1463
31 1464
31 1465
31 1466
31 1467
31 1468
31 1469
31 1470
31 1471
31 1472
31 1473
31 1474
31 1475
31 1476
31 1477
31 1478
31 1479
31 1480
31 1481
31 1482
31 1483
31 1484
31 1485
31 1486
31 1487
31 1488
31 1489
31 1490
31 1491
31 1492
31 1493
31 1494
31 1495
31 1496
31 1497
31 1498
31 1499
31 1500
31 1501
31 1502
31 1503
31 1504
31 1505
31 1506
31 1507
31 1508
31 1509
31 1510
31 1511
31 1512
31 1513
31 1514
31 1515
31 1516
31 1517
31 1518
31 1519
31 1520
31 1521
31 1522
31 1523
31 1524
31 1525
31 1526
31 1527
31 1528
31 1529
31 1530
31 1531
31 1532
31 1533
31 1534
31 1535
31 1536
31 1537
31 1538
31 1539
31 1540
31 1541
31 1542
31 1543
31 1544
31 1545
31 1546
31 1547
31 1548
31 1549
31 1550
31 1551
31 1552
31 1553
32 1554
32 1555
32 1556
32 1557
32 1558
32 1559
32 1560
32 1561
32 1562
32 1563
32 1564
32 1565
32 1566
32 1567
32 1568
32 1569
32 1570
32 1571
32 1572
32 1573
32 1574
32 1575
32 1576
32 1577
32 1578
32 1579
32 1580
32 1581
32 1582
32 1583
32 1584
32 1585
32 1586
32 1587
32 1588
32 1589
32 1590
32 1591
32 1592
32 1593
32 1594
32 1595
32 1596
32 1597
32 1598
32 1599
32 1600
32 1601
32 1602
32 1603
32 1604
32 1605
32 1606
32 1607
32 1608
32 1609
32 1610
32 1611
32 1612
32 1613
32 1614
32 1615
32 1616
32 1617
32 1618
32 1619
32 1620
32 1621
32 1622
32 1623
32 1624
32 1625
32 1626
32 1627
32 1628
32 1629
32 1630
32 1631
32 1632
32 1633
32 1634
32 1635
32 1636
32 1637
32 1638
32 1639
32 1640
32 1641
32 1642
32 1643
32 1644
32 1645
32 1646
32 1647
32 1648
32 1649
32 1650
32 1651
32 1652
32 1653
32 1654
32 1655
32 1656
32 1657
32 1658
32 1659
32 1660
32 1661
32 1662
32 1663
32 1664
32 1665
32 1666
32 1667
32 1668
32 1669
32 1670
32 1671
32 1672
32 1673
32 1674
32 1675
32 1676
32 1677
32 1678
32 1679
32 1680
32 1681
32 1682
32 1683
32 1684
32 1685
32 1686
32 1687
32 1688
32 1689
32 1690
32 1691
32 1692
32 1693
32 1694
32 1695
32 1696
32 1697
32 1698
32 1699
32 1700
32 1701
32 1702
32 1703
32 1704
32 1705
32 1706
32 1707
32 1708
32 1709
32 1710
32 1711
32 1712
32 1713
32 1714
32 1715
32 1716
32 1717
32 1718
32 1719
32 1720
32 1721
32 1722
32 1723
32 1724
32 1725
32 1726
32 1727
32 1728
32 1729
32 1730
32 1731
32 1732
32 1733
32 1734
32 1735
32 1736
32 1737
32 1738
32 1739
32 1740
32 1741
32 1742
32 1743
32 1744
32 1745
32 1746
32 1747
32 1748
32 1749
32 1750
32 1751
32 1752
32 1753
32 1754
32 1755
32 1756
32 1757
32 1758
32 1759
32 1760
32 1761
32 1762
32 1763
32 1764
32 1765
32 1766
32 1767
32 1768
32 1769
32 1770
32 1771
32 1772
32 1773
32 1774
32 1775
32 1776
32 1777
32 1778
32 1779
32 1780
32 1781
32 1782
32 1783
32 1784
32 1785
32 1786
32 1787
32 1788
32 1789
32 1790
32 1791
32 1792
32 1793
32 1794
32 1795
32 1796
32 1797
32 1798
32 1799
32 1800
32 1801
32 1802
32 1803
32 1804
32 1805
32 1806
32 1807
32 1808
32 1809
32 1810
32 1811
32 1812
32 1813
32 1814
32 1815
32 1816
32 1817
32 1818
32 1819
32 1820
32 1821
32 1822
32 1823
32 1824
32 1825
32 1826
32 1827
32 1828
32 1829
32 1830
32 1831
32 1832
32 1833
32 1834
32 1835
32 1836
32 1837
32 1838
32 1839
32 1840
32 1841
32 1842
32 1843
32 1844
32 1845
32 1846
32 1847
32 1848
32 1849
32 1850
32 1851
32 1852
32 1853
32 1854
32 1855
32 1856
32 1857
32 1858
32 1859
32 1860
32 1861
32 1862
32 1863
32 1864
32 1865
32 1866
32 1867
32 1868
32 1869
32 1870
32 1871
32 1872
32 1873
32 1874
32 1875
32 1876
32 1877
32 1878
32 1879
32 1880
32 1881
32 1882
32 1883
32 1884
32 1885
32 1886
32 1887
32 1888
32 1889
32 1890
32 1891
32 1892
32 1893
32 1894
32 1895
32 1896
32 1897
32 1898
32 1899
32 1900
32 1901
32 1902
32 1903
32 1904
32 1905
32 1906
32 1907
32 1908
32 1909
32 1910
32 1911
32 1912
32 1913
32 1914
32 1915
32 1916
32 1917
32 1918
32 1919
32 1920
32 1921
32 1922
32 1923
32 1924
32 1925
32 1926
32 1927
32 1928
32 1929
32 1930
32 1931
32 1932
32 1933
32 1934
32 1935
32 1936
32 1937
32 1938
32 1939
32 1940
32 1941
32 1942
32 1943
32 1944
32 1945
32 1946
32 1947
32 1948
32 1949
32 1950
32 1951
32 1952
32 1953
32 1954
32 1955
32 1956
32 1957
32 1958
32 1959
32 1960
32 1961
32 1962
32 1963
32 1964
32 1965
32 1966
32 1967
32 1968
32 1969
32 1970
32 1971
32 1972
32 1973
32 1974
32 1975
32 1976
32 1977
32 1978
32 1979
32 1980
32 1981
32 1982
32 1983
32 1984
32 1985
32 1986
32 1987
32 1988
32 1989
32 1990
32 1991
32 1992
32 1993
32 1994
32 1995
32 1996
32 1997
32 1998
32 1999
32 2000
32 2000
