4 1
3 2
3 3
10 4
9 5
9 6
9 7
9 8
10 9
10 10
10 11
7 12
11 13
10 14
10 15
10 16
11 17
11 18
8 19
9 20
11 21
11 22
11 23
8 24
12 25
11 26
11 27
8 28
12 29
11 30
11 31
11 32
12 33
10 34
11 35
11 36
12 37
12 38
9 39
11 40
12 41
12 42
9 43
10 44
12 45
12 46
12 47
9 48
12 49
12 50
12 51
9 52
13 53
12 54
12 55
9 56
13 57
12 58
12 59
9 60
13 61
12 62
12 63
9 64
13 65
12 66
12 67
12 68
13 69
12 70
12 71
12 72
13 73
11 74
12 75
12 76
13 77
11 78
12 79
12 80
13 81
13 82
12 83
12 84
13 85
13 86
10 87
12 88
13 89
13 90
10 91
12 92
13 93
13 94
10 95
11 96
13 97
13 98
10 99
11 100
13 101
13 102
13 103
11 104
13 105
13 106
13 107
10 108
13 109
13 110
13 111
10 112
13 113
13 114
13 115
10 116
13 117
13 118
13 119
10 120
14 121
13 122
13 123
10 124
14 125
13 126
13 127
10 128
14 129
13 130
13 131
10 132
14 133
13 134
13 135
10 136
14 137
13 138
13 139
10 140
14 141
13 142
13 143
10 144
14 145
13 146
13 147
10 148
14 149
13 150
13 151
13 152
14 153
13 154
13 155
13 156
14 157
13 158
13 159
13 160
14 161
13 162
13 163
13 164
14 165
13 166
13 167
13 168
14 169
12 170
13 171
13 172
14 173
12 174
13 175
13 176
14 177
12 178
13 179
13 180
14 181
12 182
13 183
13 184
14 185
14 186
13 187
13 188
14 189
14 190
13 191
13 192
14 193
14 194
12 195
13 196
14 197
14 198
11 199
13 200
14 201
14 202
11 203
13 204
14 205
14 206
11 207
13 208
14 209
14 210
11 211
13 212
14 213
14 214
11 215
13 216
14 217
14 218
11 219
12 220
14 221
14 222
11 223
12 224
14 225
14 226
11 227
12 228
14 229
14 230
11 231
12 232
14 233
14 234
14 235
12 236
14 237
14 238
14 239
12 240
14 241
14 242
14 243
12 244
14 245
14 246
14 247
11 248
14 249
14 250
14 251
11 252
14 253
14 254
14 255
11 256
14 257
14 258
14 259
11 260
14 261
14 262
14 263
11 264
14 265
14 266
14 267
11 268
14 269
14 270
14 271
11 272
14 273
14 274
14 275
11 276
15 277
14 278
14 279
11 280
15 281
14 282
14 283
11 284
15 285
14 286
14 287
11 288
15 289
14 290
14 291
11 292
15 293
14 294
14 295
11 296
15 297
14 298
14 299
11 300
15 301
14 302
14 303
11 304
15 305
14 306
14 307
11 308
15 309
14 310
14 311
11 312
15 313
14 314
14 315
11 316
15 317
14 318
14 319
11 320
15 321
14 322
14 323
11 324
15 325
14 326
14 327
11 328
15 329
14 330
14 331
11 332
15 333
14 334
14 335
11 336
15 337
14 338
14 339
11 340
15 341
14 342
14 343
11 344
15 345
14 346
14 347
11 348
15 349
14 350
14 351
14 352
15 353
14 354
14 355
14 356
15 357
14 358
14 359
14 360
15 361
14 362
14 363
14 364
15 365
14 366
14 367
14 368
15 369
14 370
14 371
14 372
15 373
14 374
14 375
14 376
15 377
14 378
14 379
14 380
15 381
14 382
14 383
14 384
15 385
14 386
14 387
14 388
15 389
13 390
14 391
14 392
15 393
13 394
14 395
14 396
15 397
13 398
14 399
14 400
15 401
13 402
14 403
14 404
15 405
13 406
14 407
14 408
15 409
13 410
14 411
14 412
15 413
13 414
14 415
14 416
15 417
13 418
14 419
14 420
15 421
13 422
14 423
14 424
15 425
13 426
14 427
14 428
15 429
15 430
14 431
14 432
15 433
15 434
14 435
14 436
15 437
15 438
14 439
14 440
15 441
15 442
14 443
14 444
15 445
15 446
14 447
14 448
15 449
15 450
13 451
14 452
15 453
15 454
13 455
14 456
15 457
15 458
12 459
14 460
15 461
15 462
12 463
14 464
15 465
15 466
12 467
14 468
15 469
15 470
12 471
14 472
15 473
15 474
12 475
14 476
15 477
15 478
12 479
14 480
15 481
15 482
12 483
14 484
15 485
15 486
12 487
14 488
15 489
15 490
12 491
14 492
15 493
15 494
12 495
14 496
15 497
15 498
12 499
14 500
15 501
15 502
12 503
14 504
15 505
15 506
12 507
13 508
15 509
15 510
12 511
13 512
15 513
15 514
12 515
13 516
15 517
15 518
12 519
13 520
15 521
15 522
12 523
13 524
15 525
15 526
12 527
13 528
15 529
15 530
12 531
13 532
15 533
15 534
12 535
13 536
15 537
15 538
12 539
13 540
15 541
15 542
15 543
13 544
15 545
15 546
15 547
13 548
15 549
15 550
15 551
13 552
15 553
15 554
15 555
13 556
15 557
15 558
15 559
13 560
15 561
15 562
15 563
13 564
15 565
15 566
15 567
13 568
15 569
15 570
15 571
12 572
15 573
15 574
15 575
12 576
15 577
15 578
15 579
12 580
15 581
15 582
15 583
12 584
15 585
15 586
15 587
12 588
15 589
15 590
15 591
12 592
15 593
15 594
15 595
12 596
15 597
15 598
15 599
12 600
15 601
15 602
15 603
12 604
15 605
15 606
15 607
12 608
15 609
15 610
15 611
12 612
15 613
15 614
15 615
12 616
15 617
15 618
15 619
12 620
15 621
15 622
15 623
12 624
15 625
15 626
15 627
12 628
15 629
15 630
15 631
12 632
15 633
15 634
15 635
12 636
15 637
15 638
15 639
12 640
16 641
15 642
15 643
12 644
16 645
15 646
15 647
12 648
16 649
15 650
15 651
12 652
16 653
15 654
15 655
12 656
16 657
15 658
15 659
12 660
16 661
15 662
15 663
12 664
16 665
15 666
15 667
12 668
16 669
15 670
15 671
12 672
16 673
15 674
15 675
12 676
16 677
15 678
15 679
12 680
16 681
15 682
15 683
12 684
16 685
15 686
15 687
12 688
16 689
15 690
15 691
12 692
16 693
15 694
15 695
12 696
16 697
15 698
15 699
12 700
16 701
15 702
15 703
12 704
16 705
15 706
15 707
12 708
16 709
15 710
15 711
12 712
16 713
15 714
15 715
12 716
16 717
15 718
15 719
12 720
16 721
15 722
15 723
12 724
16 725
15 726
15 727
12 728
16 729
15 730
15 731
12 732
16 733
15 734
15 735
12 736
16 737
15 738
15 739
12 740
16 741
15 742
15 743
12 744
16 745
15 746
15 747
12 748
16 749
15 750
15 751
12 752
16 753
15 754
15 755
12 756
16 757
15 758
15 759
12 760
16 761
15 762
15 763
12 764
16 765
15 766
15 767
12 768
16 769
15 770
15 771
12 772
16 773
15 774
15 775
12 776
16 777
15 778
15 779
12 780
16 781
15 782
15 783
12 784
16 785
15 786
15 787
12 788
16 789
15 790
15 791
12 792
16 793
15 794
15 795
12 796
16 797
15 798
15 799
12 800
16 801
15 802
15 803
12 804
16 805
15 806
15 807
12 808
16 809
15 810
15 811
12 812
16 813
15 814
15 815
15 816
16 817
15 818
15 819
15 820
16 821
15 822
15 823
15 824
16 825
15 826
15 827
15 828
16 829
15 830
15 831
15 832
16 833
15 834
15 835
15 836
16 837
15 838
15 839
15 840
16 841
15 842
15 843
15 844
16 845
15 846
15 847
15 848
16 849
15 850
15 851
15 852
16 853
15 854
15 855
15 856
16 857
15 858
15 859
15 860
16 861
15 862
15 863
15 864
16 865
15 866
15 867
15 868
16 869
15 870
15 871
15 872
16 873
15 874
15 875
15 876
16 877
15 878
15 879
15 880
16 881
15 882
15 883
15 884
16 885
15 886
15 887
15 888
16 889
15 890
15 891
15 892
16 893
15 894
15 895
15 896
16 897
15 898
15 899
15 900
16 901
15 902
15 903
15 904
16 905
14 906
15 907
15 908
16 909
14 910
15 911
15 912
16 913
14 914
15 915
15 916
16 917
14 918
15 919
15 920
16 921
14 922
15 923
15 924
16 925
14 926
15 927
15 928
16 929
14 930
15 931
15 932
16 933
14 934
15 935
15 936
16 937
14 938
15 939
15 940
16 941
14 942
15 943
15 944
16 945
14 946
15 947
15 948
16 949
14 950
15 951
15 952
16 953
14 954
15 955
15 956
16 957
14 958
15 959
15 960
16 961
14 962
15 963
15 964
16 965
14 966
15 967
15 968
16 969
14 970
15 971
15 972
16 973
14 974
15 975
15 976
16 977
14 978
15 979
15 980
16 981
14 982
15 983
15 984
16 985
14 986
15 987
15 988
16 989
14 990
15 991
15 992
16 993
14 994
15 995
15 996
16 997
16 998
15 999
15 1000
16 1001
16 1002
15 1003
15 1004
16 1005
16 1006
15 1007
15 1008
16 1009
16 1010
15 1011
15 1012
16 1013
16 1014
15 1015
15 1016
16 1017
16 1018
15 1019
15 1020
16 1021
16 1022
15 1023
15 1024
16 1025
16 1026
15 1027
15 1028
16 1029
16 1030
15 1031
15 1032
16 1033
16 1034
15 1035
15 1036
16 1037
16 1038
15 1039
15 1040
16 1041
16 1042
15 1043
15 1044
16 1045
16 1046
14 1047
15 1048
16 1049
16 1050
14 1051
15 1052
16 1053
16 1054
14 1055
15 1056
16 1057
16 1058
14 1059
15 1060
16 1061
16 1062
13 1063
15 1064
16 1065
16 1066
13 1067
15 1068
16 1069
16 1070
13 1071
15 1072
16 1073
16 1074
13 1075
15 1076
16 1077
16 1078
13 1079
15 1080
16 1081
16 1082
13 1083
15 1084
16 1085
16 1086
13 1087
15 1088
16 1089
16 1090
13 1091
15 1092
16 1093
16 1094
13 1095
15 1096
16 1097
16 1098
13 1099
15 1100
16 1101
16 1102
13 1103
15 1104
16 1105
16 1106
13 1107
15 1108
16 1109
16 1110
13 1111
15 1112
16 1113
16 1114
13 1115
15 1116
16 1117
16 1118
13 1119
15 1120
16 1121
16 1122
13 1123
15 1124
16 1125
16 1126
13 1127
15 1128
16 1129
16 1130
13 1131
15 1132
16 1133
16 1134
13 1135
15 1136
16 1137
16 1138
13 1139
15 1140
16 1141
16 1142
13 1143
15 1144
16 1145
16 1146
13 1147
15 1148
16 1149
16 1150
13 1151
15 1152
16 1153
16 1154
13 1155
15 1156
16 1157
16 1158
13 1159
15 1160
16 1161
16 1162
13 1163
15 1164
16 1165
16 1166
13 1167
15 1168
16 1169
16 1170
13 1171
15 1172
16 1173
16 1174
13 1175
15 1176
16 1177
16 1178
13 1179
14 1180
16 1181
16 1182
13 1183
14 1184
16 1185
16 1186
13 1187
14 1188
16 1189
16 1190
13 1191
14 1192
16 1193
16 1194
13 1195
14 1196
16 1197
16 1198
13 1199
14 1200
16 1201
16 1202
13 1203
14 1204
16 1205
16 1206
13 1207
14 1208
16 1209
16 1210
13 1211
14 1212
16 1213
16 1214
13 1215
14 1216
16 1217
16 1218
13 1219
14 1220
16 1221
16 1222
13 1223
14 1224
16 1225
16 1226
13 1227
14 1228
16 1229
16 1230
13 1231
14 1232
16 1233
16 1234
13 1235
14 1236
16 1237
16 1238
13 1239
14 1240
16 1241
16 1242
13 1243
14 1244
16 1245
16 1246
13 1247
14 1248
16 1249
16 1250
13 1251
14 1252
16 1253
16 1254
13 1255
14 1256
16 1257
16 1258
13 1259
14 1260
16 1261
16 1262
16 1263
14 1264
16 1265
16 1266
16 1267
14 1268
16 1269
16 1270
16 1271
14 1272
16 1273
16 1274
16 1275
14 1276
16 1277
16 1278
16 1279
14 1280
16 1281
16 1282
16 1283
14 1284
16 1285
16 1286
16 1287
14 1288
16 1289
16 1290
16 1291
14 1292
16 1293
16 1294
16 1295
14 1296
16 1297
16 1298
16 1299
14 1300
16 1301
16 1302
16 1303
14 1304
16 1305
16 1306
16 1307
14 1308
16 1309
16 1310
16 1311
14 1312
16 1313
16 1314
16 1315
14 1316
16 1317
16 1318
16 1319
14 1320
16 1321
16 1322
16 1323
14 1324
16 1325
16 1326
16 1327
13 1328
16 1329
16 1330
16 1331
13 1332
16 1333
16 1334
16 1335
13 1336
16 1337
16 1338
16 1339
13 1340
16 1341
16 1342
16 1343
13 1344
16 1345
16 1346
16 1347
13 1348
16 1349
16 1350
16 1351
13 1352
16 1353
16 1354
16 1355
13 1356
16 1357
16 1358
16 1359
13 1360
16 1361
16 1362
16 1363
13 1364
16 1365
16 1366
16 1367
13 1368
16 1369
16 1370
16 1371
13 1372
16 1373
16 1374
16 1375
13 1376
16 1377
16 1378
16 1379
13 1380
16 1381
16 1382
16 1383
13 1384
16 1385
16 1386
16 1387
13 1388
16 1389
16 1390
16 1391
13 1392
16 1393
16 1394
16 1395
13 1396
16 1397
16 1398
16 1399
13 1400
16 1401
16 1402
16 1403
13 1404
16 1405
16 1406
16 1407
13 1408
16 1409
16 1410
16 1411
13 1412
16 1413
16 1414
16 1415
13 1416
16 1417
16 1418
16 1419
13 1420
16 1421
16 1422
16 1423
13 1424
16 1425
16 1426
16 1427
13 1428
16 1429
16 1430
16 1431
13 1432
16 1433
16 1434
16 1435
13 1436
16 1437
16 1438
16 1439
13 1440
16 1441
16 1442
16 1443
13 1444
16 1445
16 1446
16 1447
13 1448
16 1449
16 1450
16 1451
13 1452
16 1453
16 1454
16 1455
13 1456
16 1457
16 1458
16 1459
13 1460
16 1461
16 1462
16 1463
13 1464
16 1465
16 1466
16 1467
13 1468
16 1469
16 1470
16 1471
13 1472
16 1473
16 1474
16 1475
13 1476
16 1477
16 1478
16 1479
13 1480
16 1481
16 1482
16 1483
13 1484
16 1485
16 1486
16 1487
13 1488
17 1489
16 1490
16 1491
13 1492
17 1493
16 1494
16 1495
13 1496
17 1497
16 1498
16 1499
13 1500
17 1501
16 1502
16 1503
13 1504
17 1505
16 1506
16 1507
13 1508
17 1509
16 1510
16 1511
13 1512
17 1513
16 1514
16 1515
13 1516
17 1517
16 1518
16 1519
13 1520
17 1521
16 1522
16 1523
13 1524
17 1525
16 1526
16 1527
13 1528
17 1529
16 1530
16 1531
13 1532
17 1533
16 1534
16 1535
13 1536
17 1537
16 1538
16 1539
13 1540
17 1541
16 1542
16 1543
13 1544
17 1545
16 1546
16 1547
13 1548
17 1549
16 1550
16 1551
13 1552
17 1553
16 1554
16 1555
13 1556
17 1557
16 1558
16 1559
13 1560
17 1561
16 1562
16 1563
13 1564
17 1565
16 1566
16 1567
13 1568
17 1569
16 1570
16 1571
13 1572
17 1573
16 1574
16 1575
13 1576
17 1577
16 1578
16 1579
13 1580
17 1581
16 1582
16 1583
13 1584
17 1585
16 1586
16 1587
13 1588
17 1589
16 1590
16 1591
13 1592
17 1593
16 1594
16 1595
13 1596
17 1597
16 1598
16 1599
13 1600
17 1601
16 1602
16 1603
13 1604
17 1605
16 1606
16 1607
13 1608
17 1609
16 1610
16 1611
13 1612
17 1613
16 1614
16 1615
13 1616
17 1617
16 1618
16 1619
13 1620
17 1621
16 1622
16 1623
13 1624
17 1625
16 1626
16 1627
13 1628
17 1629
16 1630
16 1631
13 1632
17 1633
16 1634
16 1635
13 1636
17 1637
16 1638
16 1639
13 1640
17 1641
16 1642
16 1643
13 1644
17 1645
16 1646
16 1647
13 1648
17 1649
16 1650
16 1651
13 1652
17 1653
16 1654
16 1655
13 1656
17 1657
16 1658
16 1659
13 1660
17 1661
16 1662
16 1663
13 1664
17 1665
16 1666
16 1667
13 1668
17 1669
16 1670
16 1671
13 1672
17 1673
16 1674
16 1675
13 1676
17 1677
16 1678
16 1679
13 1680
17 1681
16 1682
16 1683
13 1684
17 1685
16 1686
16 1687
13 1688
17 1689
16 1690
16 1691
13 1692
17 1693
16 1694
16 1695
13 1696
17 1697
16 1698
16 1699
13 1700
17 1701
16 1702
16 1703
13 1704
17 1705
16 1706
16 1707
13 1708
17 1709
16 1710
16 1711
13 1712
17 1713
16 1714
16 1715
13 1716
17 1717
16 1718
16 1719
13 1720
17 1721
16 1722
16 1723
13 1724
17 1725
16 1726
16 1727
13 1728
17 1729
16 1730
16 1731
13 1732
17 1733
16 1734
16 1735
13 1736
17 1737
16 1738
16 1739
13 1740
17 1741
16 1742
16 1743
13 1744
17 1745
16 1746
16 1747
13 1748
17 1749
16 1750
16 1751
13 1752
17 1753
16 1754
16 1755
13 1756
17 1757
16 1758
16 1759
13 1760
17 1761
16 1762
16 1763
13 1764
17 1765
16 1766
16 1767
13 1768
17 1769
16 1770
16 1771
13 1772
17 1773
16 1774
16 1775
13 1776
17 1777
16 1778
16 1779
13 1780
17 1781
16 1782
16 1783
13 1784
17 1785
16 1786
16 1787
13 1788
17 1789
16 1790
16 1791
13 1792
17 1793
16 1794
16 1795
13 1796
17 1797
16 1798
16 1799
13 1800
17 1801
16 1802
16 1803
13 1804
17 1805
16 1806
16 1807
13 1808
17 1809
16 1810
16 1811
13 1812
17 1813
16 1814
16 1815
13 1816
17 1817
16 1818
16 1819
13 1820
17 1821
16 1822
16 1823
13 1824
17 1825
16 1826
16 1827
13 1828
17 1829
16 1830
16 1831
13 1832
17 1833
16 1834
16 1835
13 1836
17 1837
16 1838
16 1839
13 1840
17 1841
16 1842
16 1843
13 1844
17 1845
16 1846
16 1847
13 1848
17 1849
16 1850
16 1851
13 1852
17 1853
16 1854
16 1855
13 1856
17 1857
16 1858
16 1859
13 1860
17 1861
16 1862
16 1863
13 1864
17 1865
16 1866
16 1867
13 1868
17 1869
16 1870
16 1871
13 1872
17 1873
16 1874
16 1875
13 1876
17 1877
16 1878
16 1879
13 1880
17 1881
16 1882
16 1883
13 1884
17 1885
16 1886
16 1887
13 1888
17 1889
16 1890
16 1891
13 1892
17 1893
16 1894
16 1895
16 1896
17 1897
16 1898
16 1899
16 1900
17 1901
16 1902
16 1903
16 1904
17 1905
16 1906
16 1907
16 1908
17 1909
16 1910
16 1911
16 1912
17 1913
16 1914
16 1915
16 1916
17 1917
16 1918
16 1919
16 1920
17 1921
16 1922
16 1923
16 1924
17 1925
16 1926
16 1927
16 1928
17 1929
16 1930
16 1931
16 1932
17 1933
16 1934
16 1935
16 1936
17 1937
16 1938
16 1939
16 1940
17 1941
16 1942
16 1943
16 1944
17 1945
16 1946
16 1947
16 1948
17 1949
16 1950
16 1951
16 1952
17 1953
16 1954
16 1955
16 1956
17 1957
16 1958
16 1959
16 1960
17 1961
16 1962
16 1963
16 1964
17 1965
16 1966
16 1967
16 1968
17 1969
16 1970
16 1971
16 1972
17 1973
16 1974
16 1975
16 1976
17 1977
16 1978
16 1979
16 1980
17 1981
16 1982
16 1983
16 1984
17 1985
16 1986
16 1987
16 1988
17 1989
16 1990
16 1991
16 1992
17 1993
16 1994
16 1995
16 1996
17 1997
16 1998
16 1999
16 2000
17 1489
