72 1
72 2
73 3
73 4
74 5
74 6
74 7
75 8
75 9
75 10
75 11
76 12
76 13
76 14
76 15
77 16
77 17
77 18
77 19
78 20
78 21
79 22
78 23
79 24
79 25
79 26
79 27
79 28
79 29
79 30
79 31
79 32
79 33
79 34
79 35
79 36
79 37
80 38
80 39
80 40
80 41
80 42
80 43
80 44
80 45
80 46
80 47
80 48
80 49
80 50
81 51
81 52
81 53
81 54
81 55
81 56
81 57
81 58
81 59
81 60
81 61
81 62
81 63
81 64
82 65
82 66
82 67
82 68
82 69
82 70
82 71
82 72
82 73
82 74
82 75
82 76
82 77
82 78
82 79
82 80
82 81
82 82
82 83
82 84
82 85
82 86
82 87
82 88
82 89
82 90
82 91
82 92
82 93
82 94
82 95
82 96
83 97
83 98
83 99
83 100
83 101
83 102
83 103
83 104
83 105
83 106
83 107
83 108
83 109
83 110
83 111
83 112
83 113
83 114
83 115
83 116
83 117
83 118
83 119
83 120
83 121
83 122
83 123
83 124
83 125
83 126
83 127
83 128
83 129
83 130
83 131
83 132
83 133
83 134
83 135
83 136
83 137
84 138
84 139
84 140
84 141
84 142
84 143
84 144
84 145
84 146
84 147
84 148
84 149
84 150
84 151
84 152
84 153
84 154
84 155
84 156
84 157
84 158
84 159
84 160
84 161
84 162
84 163
84 164
84 165
84 166
84 167
84 168
84 169
84 170
84 171
84 172
84 173
84 174
84 175
84 176
84 177
84 178
84 179
84 180
84 181
84 182
84 183
84 184
84 185
84 186
84 187
84 188
84 189
84 190
84 191
84 192
85 193
85 194
85 195
85 196
85 197
85 198
85 199
85 200
85 201
85 202
85 203
85 204
85 205
85 206
85 207
85 208
85 209
85 210
85 211
85 212
85 213
85 214
85 215
85 216
85 217
85 218
85 219
85 220
85 221
85 222
85 223
85 224
85 225
85 226
85 227
85 228
85 229
85 230
85 231
85 232
85 233
85 234
85 235
85 236
85 237
85 238
85 239
85 240
85 241
85 242
85 243
85 244
85 245
85 246
85 247
85 248
85 249
85 250
85 251
85 252
85 253
85 254
85 255
85 256
85 257
85 258
85 259
85 260
85 261
85 262
85 263
85 264
85 265
86 266
86 267
86 268
86 269
86 270
86 271
86 272
86 273
86 274
86 275
86 276
86 277
86 278
86 279
86 280
86 281
86 282
86 283
86 284
86 285
86 286
86 287
86 288
86 289
86 290
86 291
86 292
86 293
86 294
86 295
86 296
86 297
86 298
86 299
86 300
86 301
86 302
86 303
86 304
86 305
86 306
86 307
86 308
86 309
86 310
86 311
86 312
86 313
86 314
86 315
86 316
86 317
86 318
86 319
86 320
86 321
86 322
86 323
86 324
86 325
86 326
86 327
86 328
86 329
86 330
86 331
86 332
86 333
86 334
86 335
86 336
86 337
86 338
86 339
86 340
86 341
86 342
86 343
86 344
86 345
86 346
86 347
86 348
86 349
86 350
86 351
86 352
86 353
86 354
86 355
86 356
86 357
86 358
86 359
86 360
86 361
86 362
87 363
87 364
87 365
87 366
87 367
87 368
87 369
87 370
87 371
87 372
87 373
87 374
87 375
87 376
87 377
87 378
87 379
87 380
87 381
87 382
87 383
87 384
87 385
87 386
87 387
87 388
87 389
87 390
87 391
87 392
87 393
87 394
87 395
87 396
87 397
87 398
87 399
87 400
87 401
87 402
87 403
87 404
87 405
87 406
87 407
87 408
87 409
87 410
87 411
87 412
87 413
87 414
87 415
87 416
87 417
87 418
87 419
87 420
87 421
87 422
87 423
87 424
87 425
87 426
87 427
87 428
87 429
87 430
87 431
87 432
87 433
87 434
87 435
87 436
87 437
87 438
87 439
87 440
87 441
87 442
87 443
87 444
87 445
87 446
87 447
87 448
87 449
87 450
87 451
87 452
87 453
87 454
87 455
87 456
87 457
87 458
87 459
87 460
87 461
87 462
87 463
87 464
87 465
87 466
87 467
87 468
87 469
87 470
87 471
87 472
87 473
87 474
87 475
87 476
87 477
87 478
87 479
87 480
87 481
87 482
87 483
87 484
87 485
87 486
87 487
87 488
87 489
87 490
87 491
88 492
88 493
88 494
88 495
88 496
88 497
88 498
88 499
88 500
88 501
88 502
88 503
88 504
88 505
88 506
88 507
88 508
88 509
88 510
88 511
88 512
88 513
88 514
88 515
88 516
88 517
88 518
88 519
88 520
88 521
88 522
88 523
88 524
88 525
88 526
88 527
88 528
88 529
88 530
88 531
88 532
88 533
88 534
88 535
88 536
88 537
88 538
88 539
88 540
88 541
88 542
88 543
88 544
88 545
88 546
88 547
88 548
88 549
88 550
88 551
88 552
88 553
88 554
88 555
88 556
88 557
88 558
88 559
88 560
88 561
88 562
88 563
88 564
88 565
88 566
88 567
88 568
88 569
88 570
88 571
88 572
88 573
88 574
88 575
88 576
88 577
88 578
88 579
88 580
88 581
88 582
88 583
88 584
88 585
88 586
88 587
88 588
88 589
88 590
88 591
88 592
88 593
88 594
88 595
88 596
88 597
88 598
88 599
88 600
88 601
88 602
88 603
88 604
88 605
88 606
88 607
88 608
88 609
88 610
88 611
88 612
88 613
88 614
88 615
88 616
88 617
88 618
88 619
88 620
88 621
88 622
88 623
88 624
88 625
88 626
88 627
88 628
88 629
88 630
88 631
88 632
88 633
88 634
88 635
88 636
88 637
88 638
88 639
88 640
88 641
88 642
88 643
88 644
88 645
88 646
88 647
88 648
88 649
88 650
88 651
88 652
88 653
88 654
88 655
88 656
88 657
88 658
88 659
88 660
88 661
88 662
88 663
89 664
89 665
89 666
89 667
89 668
89 669
89 670
89 671
89 672
89 673
89 674
89 675
89 676
89 677
89 678
89 679
89 680
89 681
89 682
89 683
89 684
89 685
89 686
89 687
89 688
89 689
89 690
89 691
89 692
89 693
89 694
89 695
89 696
89 697
89 698
89 699
89 700
89 701
89 702
89 703
89 704
89 705
89 706
89 707
89 708
89 709
89 710
89 711
89 712
89 713
89 714
89 715
89 716
89 717
89 718
89 719
89 720
89 721
89 722
89 723
89 724
89 725
89 726
89 727
89 728
89 729
89 730
89 731
89 732
89 733
89 734
89 735
89 736
89 737
89 738
89 739
89 740
89 741
89 742
89 743
89 744
89 745
89 746
89 747
89 748
89 749
89 750
89 751
89 752
89 753
89 754
89 755
89 756
89 757
89 758
89 759
89 760
89 761
89 762
89 763
89 764
89 765
89 766
89 767
89 768
89 769
89 770
89 771
89 772
89 773
89 774
89 775
89 776
89 777
89 778
89 779
89 780
89 781
89 782
89 783
89 784
89 785
89 786
89 787
89 788
89 789
89 790
89 791
89 792
89 793
89 794
89 795
89 796
89 797
89 798
89 799
89 800
89 801
89 802
89 803
89 804
89 805
89 806
89 807
89 808
89 809
89 810
89 811
89 812
89 813
89 814
89 815
89 816
89 817
89 818
89 819
89 820
89 821
89 822
89 823
89 824
89 825
89 826
89 827
89 828
89 829
89 830
89 831
89 832
89 833
89 834
89 835
89 836
89 837
89 838
89 839
89 840
89 841
89 842
89 843
89 844
89 845
89 846
89 847
89 848
89 849
89 850
89 851
89 852
89 853
89 854
89 855
89 856
89 857
89 858
89 859
89 860
89 861
89 862
89 863
89 864
89 865
89 866
89 867
89 868
89 869
89 870
89 871
89 872
89 873
89 874
89 875
89 876
89 877
89 878
89 879
89 880
89 881
89 882
89 883
89 884
89 885
89 886
89 887
89 888
89 889
89 890
89 891
89 892
89 893
90 894
90 895
90 896
90 897
90 898
90 899
90 900
90 901
90 902
90 903
90 904
90 905
90 906
90 907
90 908
90 909
90 910
90 911
90 912
90 913
90 914
90 915
90 916
90 917
90 918
90 919
90 920
90 921
90 922
90 923
90 924
90 925
90 926
90 927
90 928
90 929
90 930
90 931
90 932
90 933
90 934
90 935
90 936
90 937
90 938
90 939
90 940
90 941
90 942
90 943
90 944
90 945
90 946
90 947
90 948
90 949
90 950
90 951
90 952
90 953
90 954
90 955
90 956
90 957
90 958
90 959
90 960
90 961
90 962
90 963
90 964
90 965
90 966
90 967
90 968
90 969
90 970
90 971
90 972
90 973
90 974
90 975
90 976
90 977
90 978
90 979
90 980
90 981
90 982
90 983
90 984
90 985
90 986
90 987
90 988
90 989
90 990
90 991
90 992
90 993
90 994
90 995
90 996
90 997
90 998
90 999
90 1000
90 1001
90 1002
90 1003
90 1004
90 1005
90 1006
90 1007
90 1008
90 1009
90 1010
90 1011
90 1012
90 1013
90 1014
90 1015
90 1016
90 1017
90 1018
90 1019
90 1020
90 1021
90 1022
90 1023
90 1024
90 1025
90 1026
90 1027
90 1028
90 1029
90 1030
90 1031
90 1032
90 1033
90 1034
90 1035
90 1036
90 1037
90 1038
90 1039
90 1040
90 1041
90 1042
90 1043
90 1044
90 1045
90 1046
90 1047
90 1048
90 1049
90 1050
90 1051
90 1052
90 1053
90 1054
90 1055
90 1056
90 1057
90 1058
90 1059
90 1060
90 1061
90 1062
90 1063
90 1064
90 1065
90 1066
90 1067
90 1068
90 1069
90 1070
90 1071
90 1072
90 1073
90 1074
90 1075
90 1076
90 1077
90 1078
90 1079
90 1080
90 1081
90 1082
90 1083
90 1084
90 1085
90 1086
90 1087
90 1088
90 1089
90 1090
90 1091
90 1092
90 1093
90 1094
90 1095
90 1096
90 1097
90 1098
90 1099
90 1100
90 1101
90 1102
90 1103
90 1104
90 1105
90 1106
90 1107
90 1108
90 1109
90 1110
90 1111
90 1112
90 1113
90 1114
90 1115
90 1116
90 1117
90 1118
90 1119
90 1120
90 1121
90 1122
90 1123
90 1124
90 1125
90 1126
90 1127
90 1128
90 1129
90 1130
90 1131
90 1132
90 1133
90 1134
90 1135
90 1136
90 1137
90 1138
90 1139
90 1140
90 1141
90 1142
90 1143
90 1144
90 1145
90 1146
90 1147
90 1148
90 1149
90 1150
90 1151
90 1152
90 1153
90 1154
90 1155
90 1156
90 1157
90 1158
90 1159
90 1160
90 1161
90 1162
90 1163
90 1164
90 1165
90 1166
90 1167
90 1168
90 1169
90 1170
90 1171
90 1172
90 1173
90 1174
90 1175
90 1176
90 1177
90 1178
90 1179
90 1180
90 1181
90 1182
90 1183
90 1184
90 1185
90 1186
90 1187
90 1188
90 1189
90 1190
90 1191
90 1192
90 1193
90 1194
90 1195
90 1196
90 1197
90 1198
90 1199
90 1200
91 1201
91 1202
91 1203
91 1204
91 1205
91 1206
91 1207
91 1208
91 1209
91 1210
91 1211
91 1212
91 1213
91 1214
91 1215
91 1216
91 1217
91 1218
91 1219
91 1220
91 1221
91 1222
91 1223
91 1224
91 1225
91 1226
91 1227
91 1228
91 1229
91 1230
91 1231
91 1232
91 1233
91 1234
91 1235
91 1236
91 1237
91 1238
91 1239
91 1240
91 1241
91 1242
91 1243
91 1244
91 1245
91 1246
91 1247
91 1248
91 1249
91 1250
91 1251
91 1252
91 1253
91 1254
91 1255
91 1256
91 1257
91 1258
91 1259
91 1260
91 1261
91 1262
91 1263
91 1264
91 1265
91 1266
91 1267
91 1268
91 1269
91 1270
91 1271
91 1272
91 1273
91 1274
91 1275
91 1276
91 1277
91 1278
91 1279
91 1280
91 1281
91 1282
91 1283
91 1284
91 1285
91 1286
91 1287
91 1288
91 1289
91 1290
91 1291
91 1292
91 1293
91 1294
91 1295
91 1296
91 1297
91 1298
91 1299
91 1300
91 1301
91 1302
91 1303
91 1304
91 1305
91 1306
91 1307
91 1308
91 1309
91 1310
91 1311
91 1312
91 1313
91 1314
91 1315
91 1316
91 1317
91 1318
91 1319
91 1320
91 1321
91 1322
91 1323
91 1324
91 1325
91 1326
91 1327
91 1328
91 1329
91 1330
91 1331
91 1332
91 1333
91 1334
91 1335
91 1336
91 1337
91 1338
91 1339
91 1340
91 1341
91 1342
91 1343
91 1344
91 1345
91 1346
91 1347
91 1348
91 1349
91 1350
91 1351
91 1352
91 1353
91 1354
91 1355
91 1356
91 1357
91 1358
91 1359
91 1360
91 1361
91 1362
91 1363
91 1364
91 1365
91 1366
91 1367
91 1368
91 1369
91 1370
91 1371
91 1372
91 1373
91 1374
91 1375
91 1376
91 1377
91 1378
91 1379
91 1380
91 1381
91 1382
91 1383
91 1384
91 1385
91 1386
91 1387
91 1388
91 1389
91 1390
91 1391
91 1392
91 1393
91 1394
91 1395
91 1396
91 1397
91 1398
91 1399
91 1400
91 1401
91 1402
91 1403
91 1404
91 1405
91 1406
91 1407
91 1408
91 1409
91 1410
91 1411
91 1412
91 1413
91 1414
91 1415
91 1416
91 1417
91 1418
91 1419
91 1420
91 1421
91 1422
91 1423
91 1424
91 1425
91 1426
91 1427
91 1428
91 1429
91 1430
91 1431
91 1432
91 1433
91 1434
91 1435
91 1436
91 1437
91 1438
91 1439
91 1440
91 1441
91 1442
91 1443
91 1444
91 1445
91 1446
91 1447
91 1448
91 1449
91 1450
91 1451
91 1452
91 1453
91 1454
91 1455
91 1456
91 1457
91 1458
91 1459
91 1460
91 1461
91 1462
91 1463
91 1464
91 1465
91 1466
91 1467
91 1468
91 1469
91 1470
91 1471
91 1472
91 1473
91 1474
91 1475
91 1476
91 1477
91 1478
91 1479
91 1480
91 1481
91 1482
91 1483
91 1484
91 1485
91 1486
91 1487
91 1488
91 1489
91 1490
91 1491
91 1492
91 1493
91 1494
91 1495
91 1496
91 1497
91 1498
91 1499
91 1500
91 1501
91 1502
91 1503
91 1504
91 1505
91 1506
91 1507
91 1508
91 1509
91 1510
91 1511
91 1512
91 1513
91 1514
91 1515
91 1516
91 1517
91 1518
91 1519
91 1520
91 1521
91 1522
91 1523
91 1524
91 1525
91 1526
91 1527
91 1528
91 1529
91 1530
91 1531
91 1532
91 1533
91 1534
91 1535
91 1536
91 1537
91 1538
91 1539
91 1540
91 1541
91 1542
91 1543
91 1544
91 1545
91 1546
91 1547
91 1548
91 1549
91 1550
91 1551
91 1552
91 1553
91 1554
91 1555
91 1556
91 1557
91 1558
91 1559
91 1560
91 1561
91 1562
91 1563
91 1564
91 1565
91 1566
91 1567
91 1568
91 1569
91 1570
91 1571
91 1572
91 1573
91 1574
91 1575
91 1576
91 1577
91 1578
91 1579
91 1580
91 1581
91 1582
91 1583
91 1584
91 1585
91 1586
91 1587
91 1588
91 1589
91 1590
91 1591
91 1592
91 1593
91 1594
91 1595
91 1596
91 1597
91 1598
91 1599
91 1600
91 1601
91 1602
91 1603
91 1604
91 1605
91 1606
91 1607
91 1608
91 1609
92 1610
92 1611
92 1612
92 1613
92 1614
92 1615
92 1616
92 1617
92 1618
92 1619
92 1620
92 1621
92 1622
92 1623
92 1624
92 1625
92 1626
92 1627
92 1628
92 1629
92 1630
92 1631
92 1632
92 1633
92 1634
92 1635
92 1636
92 1637
92 1638
92 1639
92 1640
92 1641
92 1642
92 1643
92 1644
92 1645
92 1646
92 1647
92 1648
92 1649
92 1650
92 1651
92 1652
92 1653
92 1654
92 1655
92 1656
92 1657
92 1658
92 1659
92 1660
92 1661
92 1662
92 1663
92 1664
92 1665
92 1666
92 1667
92 1668
92 1669
92 1670
92 1671
92 1672
92 1673
92 1674
92 1675
92 1676
92 1677
92 1678
92 1679
92 1680
92 1681
92 1682
92 1683
92 1684
92 1685
92 1686
92 1687
92 1688
92 1689
92 1690
92 1691
92 1692
92 1693
92 1694
92 1695
92 1696
92 1697
92 1698
92 1699
92 1700
92 1701
92 1702
92 1703
92 1704
92 1705
92 1706
92 1707
92 1708
92 1709
92 1710
92 1711
92 1712
92 1713
92 1714
92 1715
92 1716
92 1717
92 1718
92 1719
92 1720
92 1721
92 1722
92 1723
92 1724
92 1725
92 1726
92 1727
92 1728
92 1729
92 1730
92 1731
92 1732
92 1733
92 1734
92 1735
92 1736
92 1737
92 1738
92 1739
92 1740
92 1741
92 1742
92 1743
92 1744
92 1745
92 1746
92 1747
92 1748
92 1749
92 1750
92 1751
92 1752
92 1753
92 1754
92 1755
92 1756
92 1757
92 1758
92 1759
92 1760
92 1761
92 1762
92 1763
92 1764
92 1765
92 1766
92 1767
92 1768
92 1769
92 1770
92 1771
92 1772
92 1773
92 1774
92 1775
92 1776
92 1777
92 1778
92 1779
92 1780
92 1781
92 1782
92 1783
92 1784
92 1785
92 1786
92 1787
92 1788
92 1789
92 1790
92 1791
92 1792
92 1793
92 1794
92 1795
92 1796
92 1797
92 1798
92 1799
92 1800
92 1801
92 1802
92 1803
92 1804
92 1805
92 1806
92 1807
92 1808
92 1809
92 1810
92 1811
92 1812
92 1813
92 1814
92 1815
92 1816
92 1817
92 1818
92 1819
92 1820
92 1821
92 1822
92 1823
92 1824
92 1825
92 1826
92 1827
92 1828
92 1829
92 1830
92 1831
92 1832
92 1833
92 1834
92 1835
92 1836
92 1837
92 1838
92 1839
92 1840
92 1841
92 1842
92 1843
92 1844
92 1845
92 1846
92 1847
92 1848
92 1849
92 1850
92 1851
92 1852
92 1853
92 1854
92 1855
92 1856
92 1857
92 1858
92 1859
92 1860
92 1861
92 1862
92 1863
92 1864
92 1865
92 1866
92 1867
92 1868
92 1869
92 1870
92 1871
92 1872
92 1873
92 1874
92 1875
92 1876
92 1877
92 1878
92 1879
92 1880
92 1881
92 1882
92 1883
92 1884
92 1885
92 1886
92 1887
92 1888
92 1889
92 1890
92 1891
92 1892
92 1893
92 1894
92 1895
92 1896
92 1897
92 1898
92 1899
92 1900
92 1901
92 1902
92 1903
92 1904
92 1905
92 1906
92 1907
92 1908
92 1909
92 1910
92 1911
92 1912
92 1913
92 1914
92 1915
92 1916
92 1917
92 1918
92 1919
92 1920
92 1921
92 1922
92 1923
92 1924
92 1925
92 1926
92 1927
92 1928
92 1929
92 1930
92 1931
92 1932
92 1933
92 1934
92 1935
92 1936
92 1937
92 1938
92 1939
92 1940
92 1941
92 1942
92 1943
92 1944
92 1945
92 1946
92 1947
92 1948
92 1949
92 1950
92 1951
92 1952
92 1953
92 1954
92 1955
92 1956
92 1957
92 1958
92 1959
92 1960
92 1961
92 1962
92 1963
92 1964
92 1965
92 1966
92 1967
92 1968
92 1969
92 1970
92 1971
92 1972
92 1973
92 1974
92 1975
92 1976
92 1977
92 1978
92 1979
92 1980
92 1981
92 1982
92 1983
92 1984
92 1985
92 1986
92 1987
92 1988
92 1989
92 1990
92 1991
92 1992
92 1993
92 1994
92 1995
92 1996
92 1997
92 1998
92 1999
92 2000
92 1610
