4 1
7 2
9 3
10 4
11 5
11 6
12 7
12 8
13 9
13 10
13 11
14 12
14 13
14 14
14 15
15 16
15 17
15 18
15 19
15 20
15 21
16 22
16 23
16 24
16 25
16 26
16 27
16 28
17 29
17 30
17 31
17 32
17 33
17 34
17 35
17 36
17 37
17 38
18 39
18 40
18 41
18 42
18 43
18 44
18 45
18 46
18 47
18 48
18 49
18 50
18 51
19 52
19 53
19 54
19 55
19 56
19 57
19 58
19 59
19 60
19 61
19 62
19 63
19 64
19 65
19 66
19 67
19 68
20 69
20 70
20 71
20 72
20 73
20 74
20 75
20 76
20 77
20 78
20 79
20 80
20 81
20 82
20 83
20 84
20 85
20 86
20 87
20 88
20 89
20 90
20 91
21 92
21 93
21 94
21 95
21 96
21 97
21 98
21 99
21 100
21 101
21 102
21 103
21 104
21 105
21 106
21 107
21 108
21 109
21 110
21 111
21 112
21 113
21 114
21 115
21 116
21 117
21 118
21 119
21 120
21 121
21 122
22 123
22 124
22 125
22 126
22 127
22 128
22 129
22 130
22 131
22 132
22 133
22 134
22 135
22 136
22 137
22 138
22 139
22 140
22 141
22 142
22 143
22 144
22 145
22 146
22 147
22 148
22 149
22 150
22 151
22 152
22 153
22 154
22 155
22 156
22 157
22 158
22 159
22 160
22 161
22 162
22 163
23 164
23 165
23 166
23 167
23 168
23 169
23 170
23 171
23 172
23 173
23 174
23 175
23 176
23 177
23 178
23 179
23 180
23 181
23 182
23 183
23 184
23 185
23 186
23 187
23 188
23 189
23 190
23 191
23 192
23 193
23 194
23 195
23 196
23 197
23 198
23 199
23 200
23 201
23 202
23 203
23 204
23 205
23 206
23 207
23 208
23 209
23 210
23 211
23 212
23 213
23 214
23 215
23 216
23 217
24 218
24 219
24 220
24 221
24 222
24 223
24 224
24 225
24 226
24 227
24 228
24 229
24 230
24 231
24 232
24 233
24 234
24 235
24 236
24 237
24 238
24 239
24 240
24 241
24 242
24 243
24 244
24 245
24 246
24 247
24 248
24 249
24 250
24 251
24 252
24 253
24 254
24 255
24 256
24 257
24 258
24 259
24 260
24 261
24 262
24 263
24 264
24 265
24 266
24 267
24 268
24 269
24 270
24 271
24 272
24 273
24 274
24 275
24 276
24 277
24 278
24 279
24 280
24 281
24 282
24 283
24 284
24 285
24 286
24 287
24 288
24 289
24 290
25 291
25 292
25 293
25 294
25 295
25 296
25 297
25 298
25 299
25 300
25 301
25 302
25 303
25 304
25 305
25 306
25 307
25 308
25 309
25 310
25 311
25 312
25 313
25 314
25 315
25 316
25 317
25 318
25 319
25 320
25 321
25 322
25 323
25 324
25 325
25 326
25 327
25 328
25 329
25 330
25 331
25 332
25 333
25 334
25 335
25 336
25 337
25 338
25 339
25 340
25 341
25 342
25 343
25 344
25 345
25 346
25 347
25 348
25 349
25 350
25 351
25 352
25 353
25 354
25 355
25 356
25 357
25 358
25 359
25 360
25 361
25 362
25 363
25 364
25 365
25 366
25 367
25 368
25 369
25 370
25 371
25 372
25 373
25 374
25 375
25 376
25 377
25 378
25 379
25 380
25 381
25 382
25 383
25 384
25 385
25 386
25 387
26 388
26 389
26 390
26 391
26 392
26 393
26 394
26 395
26 396
26 397
26 398
26 399
26 400
26 401
26 402
26 403
26 404
26 405
26 406
26 407
26 408
26 409
26 410
26 411
26 412
26 413
26 414
26 415
26 416
26 417
26 418
26 419
26 420
26 421
26 422
26 423
26 424
26 425
26 426
26 427
26 428
26 429
26 430
26 431
26 432
26 433
26 434
26 435
26 436
26 437
26 438
26 439
26 440
26 441
26 442
26 443
26 444
26 445
26 446
26 447
26 448
26 449
26 450
26 451
26 452
26 453
26 454
26 455
26 456
26 457
26 458
26 459
26 460
26 461
26 462
26 463
26 464
26 465
26 466
26 467
26 468
26 469
26 470
26 471
26 472
26 473
26 474
26 475
26 476
26 477
26 478
26 479
26 480
26 481
26 482
26 483
26 484
26 485
26 486
26 487
26 488
26 489
26 490
26 491
26 492
26 493
26 494
26 495
26 496
26 497
26 498
26 499
26 500
26 501
26 502
26 503
26 504
26 505
26 506
26 507
26 508
26 509
26 510
26 511
26 512
26 513
26 514
26 515
26 516
27 517
27 518
27 519
27 520
27 521
27 522
27 523
27 524
27 525
27 526
27 527
27 528
27 529
27 530
27 531
27 532
27 533
27 534
27 535
27 536
27 537
27 538
27 539
27 540
27 541
27 542
27 543
27 544
27 545
27 546
27 547
27 548
27 549
27 550
27 551
27 552
27 553
27 554
27 555
27 556
27 557
27 558
27 559
27 560
27 561
27 562
27 563
27 564
27 565
27 566
27 567
27 568
27 569
27 570
27 571
27 572
27 573
27 574
27 575
27 576
27 577
27 578
27 579
27 580
27 581
27 582
27 583
27 584
27 585
27 586
27 587
27 588
27 589
27 590
27 591
27 592
27 593
27 594
27 595
27 596
27 597
27 598
27 599
27 600
27 601
27 602
27 603
27 604
27 605
27 606
27 607
27 608
27 609
27 610
27 611
27 612
27 613
27 614
27 615
27 616
27 617
27 618
27 619
27 620
27 621
27 622
27 623
27 624
27 625
27 626
27 627
27 628
27 629
27 630
27 631
27 632
27 633
27 634
27 635
27 636
27 637
27 638
27 639
27 640
27 641
27 642
27 643
27 644
27 645
27 646
27 647
27 648
27 649
27 650
27 651
27 652
27 653
27 654
27 655
27 656
27 657
27 658
27 659
27 660
27 661
27 662
27 663
27 664
27 665
27 666
27 667
27 668
27 669
27 670
27 671
27 672
27 673
27 674
27 675
27 676
27 677
27 678
27 679
27 680
27 681
27 682
27 683
27 684
27 685
27 686
27 687
27 688
27 689
28 690
28 691
28 692
28 693
28 694
28 695
28 696
28 697
28 698
28 699
28 700
28 701
28 702
28 703
28 704
28 705
28 706
28 707
28 708
28 709
28 710
28 711
28 712
28 713
28 714
28 715
28 716
28 717
28 718
28 719
28 720
28 721
28 722
28 723
28 724
28 725
28 726
28 727
28 728
28 729
28 730
28 731
28 732
28 733
28 734
28 735
28 736
28 737
28 738
28 739
28 740
28 741
28 742
28 743
28 744
28 745
28 746
28 747
28 748
28 749
28 750
28 751
28 752
28 753
28 754
28 755
28 756
28 757
28 758
28 759
28 760
28 761
28 762
28 763
28 764
28 765
28 766
28 767
28 768
28 769
28 770
28 771
28 772
28 773
28 774
28 775
28 776
28 777
28 778
28 779
28 780
28 781
28 782
28 783
28 784
28 785
28 786
28 787
28 788
28 789
28 790
28 791
28 792
28 793
28 794
28 795
28 796
28 797
28 798
28 799
28 800
28 801
28 802
28 803
28 804
28 805
28 806
28 807
28 808
28 809
28 810
28 811
28 812
28 813
28 814
28 815
28 816
28 817
28 818
28 819
28 820
28 821
28 822
28 823
28 824
28 825
28 826
28 827
28 828
28 829
28 830
28 831
28 832
28 833
28 834
28 835
28 836
28 837
28 838
28 839
28 840
28 841
28 842
28 843
28 844
28 845
28 846
28 847
28 848
28 849
28 850
28 851
28 852
28 853
28 854
28 855
28 856
28 857
28 858
28 859
28 860
28 861
28 862
28 863
28 864
28 865
28 866
28 867
28 868
28 869
28 870
28 871
28 872
28 873
28 874
28 875
28 876
28 877
28 878
28 879
28 880
28 881
28 882
28 883
28 884
28 885
28 886
28 887
28 888
28 889
28 890
28 891
28 892
28 893
28 894
28 895
28 896
28 897
28 898
28 899
28 900
28 901
28 902
28 903
28 904
28 905
28 906
28 907
28 908
28 909
28 910
28 911
28 912
28 913
28 914
28 915
28 916
28 917
28 918
28 919
29 920
29 921
29 922
29 923
29 924
29 925
29 926
29 927
29 928
29 929
29 930
29 931
29 932
29 933
29 934
29 935
29 936
29 937
29 938
29 939
29 940
29 941
29 942
29 943
29 944
29 945
29 946
29 947
29 948
29 949
29 950
29 951
29 952
29 953
29 954
29 955
29 956
29 957
29 958
29 959
29 960
29 961
29 962
29 963
29 964
29 965
29 966
29 967
29 968
29 969
29 970
29 971
29 972
29 973
29 974
29 975
29 976
29 977
29 978
29 979
29 980
29 981
29 982
29 983
29 984
29 985
29 986
29 987
29 988
29 989
29 990
29 991
29 992
29 993
29 994
29 995
29 996
29 997
29 998
29 999
29 1000
29 1001
29 1002
29 1003
29 1004
29 1005
29 1006
29 1007
29 1008
29 1009
29 1010
29 1011
29 1012
29 1013
29 1014
29 1015
29 1016
29 1017
29 1018
29 1019
29 1020
29 1021
29 1022
29 1023
29 1024
29 1025
29 1026
29 1027
29 1028
29 1029
29 1030
29 1031
29 1032
29 1033
29 1034
29 1035
29 1036
29 1037
29 1038
29 1039
29 1040
29 1041
29 1042
29 1043
29 1044
29 1045
29 1046
29 1047
29 1048
29 1049
29 1050
29 1051
29 1052
29 1053
29 1054
29 1055
29 1056
29 1057
29 1058
29 1059
29 1060
29 1061
29 1062
29 1063
29 1064
29 1065
29 1066
29 1067
29 1068
29 1069
29 1070
29 1071
29 1072
29 1073
29 1074
29 1075
29 1076
29 1077
29 1078
29 1079
29 1080
29 1081
29 1082
29 1083
29 1084
29 1085
29 1086
29 1087
29 1088
29 1089
29 1090
29 1091
29 1092
29 1093
29 1094
29 1095
29 1096
29 1097
29 1098
29 1099
29 1100
29 1101
29 1102
29 1103
29 1104
29 1105
29 1106
29 1107
29 1108
29 1109
29 1110
29 1111
29 1112
29 1113
29 1114
29 1115
29 1116
29 1117
29 1118
29 1119
29 1120
29 1121
29 1122
29 1123
29 1124
29 1125
29 1126
29 1127
29 1128
29 1129
29 1130
29 1131
29 1132
29 1133
29 1134
29 1135
29 1136
29 1137
29 1138
29 1139
29 1140
29 1141
29 1142
29 1143
29 1144
29 1145
29 1146
29 1147
29 1148
29 1149
29 1150
29 1151
29 1152
29 1153
29 1154
29 1155
29 1156
29 1157
29 1158
29 1159
29 1160
29 1161
29 1162
29 1163
29 1164
29 1165
29 1166
29 1167
29 1168
29 1169
29 1170
29 1171
29 1172
29 1173
29 1174
29 1175
29 1176
29 1177
29 1178
29 1179
29 1180
29 1181
29 1182
29 1183
29 1184
29 1185
29 1186
29 1187
29 1188
29 1189
29 1190
29 1191
29 1192
29 1193
29 1194
29 1195
29 1196
29 1197
29 1198
29 1199
29 1200
29 1201
29 1202
29 1203
29 1204
29 1205
29 1206
29 1207
29 1208
29 1209
29 1210
29 1211
29 1212
29 1213
29 1214
29 1215
29 1216
29 1217
29 1218
29 1219
29 1220
29 1221
29 1222
29 1223
29 1224
29 1225
30 1226
30 1227
30 1228
30 1229
30 1230
30 1231
30 1232
30 1233
30 1234
30 1235
30 1236
30 1237
30 1238
30 1239
30 1240
30 1241
30 1242
30 1243
30 1244
30 1245
30 1246
30 1247
30 1248
30 1249
30 1250
30 1251
30 1252
30 1253
30 1254
30 1255
30 1256
30 1257
30 1258
30 1259
30 1260
30 1261
30 1262
30 1263
30 1264
30 1265
30 1266
30 1267
30 1268
30 1269
30 1270
30 1271
30 1272
30 1273
30 1274
30 1275
30 1276
30 1277
30 1278
30 1279
30 1280
30 1281
30 1282
30 1283
30 1284
30 1285
30 1286
30 1287
30 1288
30 1289
30 1290
30 1291
30 1292
30 1293
30 1294
30 1295
30 1296
30 1297
30 1298
30 1299
30 1300
30 1301
30 1302
30 1303
30 1304
30 1305
30 1306
30 1307
30 1308
30 1309
30 1310
30 1311
30 1312
30 1313
30 1314
30 1315
30 1316
30 1317
30 1318
30 1319
30 1320
30 1321
30 1322
30 1323
30 1324
30 1325
30 1326
30 1327
30 1328
30 1329
30 1330
30 1331
30 1332
30 1333
30 1334
30 1335
30 1336
30 1337
30 1338
30 1339
30 1340
30 1341
30 1342
30 1343
30 1344
30 1345
30 1346
30 1347
30 1348
30 1349
30 1350
30 1351
30 1352
30 1353
30 1354
30 1355
30 1356
30 1357
30 1358
30 1359
30 1360
30 1361
30 1362
30 1363
30 1364
30 1365
30 1366
30 1367
30 1368
30 1369
30 1370
30 1371
30 1372
30 1373
30 1374
30 1375
30 1376
30 1377
30 1378
30 1379
30 1380
30 1381
30 1382
30 1383
30 1384
30 1385
30 1386
30 1387
30 1388
30 1389
30 1390
30 1391
30 1392
30 1393
30 1394
30 1395
30 1396
30 1397
30 1398
30 1399
30 1400
30 1401
30 1402
30 1403
30 1404
30 1405
30 1406
30 1407
30 1408
30 1409
30 1410
30 1411
30 1412
30 1413
30 1414
30 1415
30 1416
30 1417
30 1418
30 1419
30 1420
30 1421
30 1422
30 1423
30 1424
30 1425
30 1426
30 1427
30 1428
30 1429
30 1430
30 1431
30 1432
30 1433
30 1434
30 1435
30 1436
30 1437
30 1438
30 1439
30 1440
30 1441
30 1442
30 1443
30 1444
30 1445
30 1446
30 1447
30 1448
30 1449
30 1450
30 1451
30 1452
30 1453
30 1454
30 1455
30 1456
30 1457
30 1458
30 1459
30 1460
30 1461
30 1462
30 1463
30 1464
30 1465
30 1466
30 1467
30 1468
30 1469
30 1470
30 1471
30 1472
30 1473
30 1474
30 1475
30 1476
30 1477
30 1478
30 1479
30 1480
30 1481
30 1482
30 1483
30 1484
30 1485
30 1486
30 1487
30 1488
30 1489
30 1490
30 1491
30 1492
30 1493
30 1494
30 1495
30 1496
30 1497
30 1498
30 1499
30 1500
30 1501
30 1502
30 1503
30 1504
30 1505
30 1506
30 1507
30 1508
30 1509
30 1510
30 1511
30 1512
30 1513
30 1514
30 1515
30 1516
30 1517
30 1518
30 1519
30 1520
30 1521
30 1522
30 1523
30 1524
30 1525
30 1526
30 1527
30 1528
30 1529
30 1530
30 1531
30 1532
30 1533
30 1534
30 1535
30 1536
30 1537
30 1538
30 1539
30 1540
30 1541
30 1542
30 1543
30 1544
30 1545
30 1546
30 1547
30 1548
30 1549
30 1550
30 1551
30 1552
30 1553
30 1554
30 1555
30 1556
30 1557
30 1558
30 1559
30 1560
30 1561
30 1562
30 1563
30 1564
30 1565
30 1566
30 1567
30 1568
30 1569
30 1570
30 1571
30 1572
30 1573
30 1574
30 1575
30 1576
30 1577
30 1578
30 1579
30 1580
30 1581
30 1582
30 1583
30 1584
30 1585
30 1586
30 1587
30 1588
30 1589
30 1590
30 1591
30 1592
30 1593
30 1594
30 1595
30 1596
30 1597
30 1598
30 1599
30 1600
30 1601
30 1602
30 1603
30 1604
30 1605
30 1606
30 1607
30 1608
30 1609
30 1610
30 1611
30 1612
30 1613
30 1614
30 1615
30 1616
30 1617
30 1618
30 1619
30 1620
30 1621
30 1622
30 1623
30 1624
30 1625
30 1626
30 1627
30 1628
30 1629
30 1630
30 1631
30 1632
30 1633
30 1634
31 1635
31 1636
31 1637
31 1638
31 1639
31 1640
31 1641
31 1642
31 1643
31 1644
31 1645
31 1646
31 1647
31 1648
31 1649
31 1650
31 1651
31 1652
31 1653
31 1654
31 1655
31 1656
31 1657
31 1658
31 1659
31 1660
31 1661
31 1662
31 1663
31 1664
31 1665
31 1666
31 1667
31 1668
31 1669
31 1670
31 1671
31 1672
31 1673
31 1674
31 1675
31 1676
31 1677
31 1678
31 1679
31 1680
31 1681
31 1682
31 1683
31 1684
31 1685
31 1686
31 1687
31 1688
31 1689
31 1690
31 1691
31 1692
31 1693
31 1694
31 1695
31 1696
31 1697
31 1698
31 1699
31 1700
31 1701
31 1702
31 1703
31 1704
31 1705
31 1706
31 1707
31 1708
31 1709
31 1710
31 1711
31 1712
31 1713
31 1714
31 1715
31 1716
31 1717
31 1718
31 1719
31 1720
31 1721
31 1722
31 1723
31 1724
31 1725
31 1726
31 1727
31 1728
31 1729
31 1730
31 1731
31 1732
31 1733
31 1734
31 1735
31 1736
31 1737
31 1738
31 1739
31 1740
31 1741
31 1742
31 1743
31 1744
31 1745
31 1746
31 1747
31 1748
31 1749
31 1750
31 1751
31 1752
31 1753
31 1754
31 1755
31 1756
31 1757
31 1758
31 1759
31 1760
31 1761
31 1762
31 1763
31 1764
31 1765
31 1766
31 1767
31 1768
31 1769
31 1770
31 1771
31 1772
31 1773
31 1774
31 1775
31 1776
31 1777
31 1778
31 1779
31 1780
31 1781
31 1782
31 1783
31 1784
31 1785
31 1786
31 1787
31 1788
31 1789
31 1790
31 1791
31 1792
31 1793
31 1794
31 1795
31 1796
31 1797
31 1798
31 1799
31 1800
31 1801
31 1802
31 1803
31 1804
31 1805
31 1806
31 1807
31 1808
31 1809
31 1810
31 1811
31 1812
31 1813
31 1814
31 1815
31 1816
31 1817
31 1818
31 1819
31 1820
31 1821
31 1822
31 1823
31 1824
31 1825
31 1826
31 1827
31 1828
31 1829
31 1830
31 1831
31 1832
31 1833
31 1834
31 1835
31 1836
31 1837
31 1838
31 1839
31 1840
31 1841
31 1842
31 1843
31 1844
31 1845
31 1846
31 1847
31 1848
31 1849
31 1850
31 1851
31 1852
31 1853
31 1854
31 1855
31 1856
31 1857
31 1858
31 1859
31 1860
31 1861
31 1862
31 1863
31 1864
31 1865
31 1866
31 1867
31 1868
31 1869
31 1870
31 1871
31 1872
31 1873
31 1874
31 1875
31 1876
31 1877
31 1878
31 1879
31 1880
31 1881
31 1882
31 1883
31 1884
31 1885
31 1886
31 1887
31 1888
31 1889
31 1890
31 1891
31 1892
31 1893
31 1894
31 1895
31 1896
31 1897
31 1898
31 1899
31 1900
31 1901
31 1902
31 1903
31 1904
31 1905
31 1906
31 1907
31 1908
31 1909
31 1910
31 1911
31 1912
31 1913
31 1914
31 1915
31 1916
31 1917
31 1918
31 1919
31 1920
31 1921
31 1922
31 1923
31 1924
31 1925
31 1926
31 1927
31 1928
31 1929
31 1930
31 1931
31 1932
31 1933
31 1934
31 1935
31 1936
31 1937
31 1938
31 1939
31 1940
31 1941
31 1942
31 1943
31 1944
31 1945
31 1946
31 1947
31 1948
31 1949
31 1950
31 1951
31 1952
31 1953
31 1954
31 1955
31 1956
31 1957
31 1958
31 1959
31 1960
31 1961
31 1962
31 1963
31 1964
31 1965
31 1966
31 1967
31 1968
31 1969
31 1970
31 1971
31 1972
31 1973
31 1974
31 1975
31 1976
31 1977
31 1978
31 1979
31 1980
31 1981
31 1982
31 1983
31 1984
31 1985
31 1986
31 1987
31 1988
31 1989
31 1990
31 1991
31 1992
31 1993
31 1994
31 1995
31 1996
31 1997
31 1998
31 1999
31 2000
31 1635
