5 1
3 2
4 3
5 4
7 5
11 6
5 7
8 8
11 9
7 10
8 11
7 12
6 13
12 14
9 15
7 16
6 17
12 18
9 19
9 20
9 21
8 22
12 23
13 24
13 25
8 26
7 27
7 28
13 29
9 30
8 31
8 32
13 33
10 34
8 35
7 36
8 37
7 38
13 39
8 40
10 41
8 42
7 43
13 44
8 45
9 46
8 47
10 48
10 49
7 50
10 51
8 52
7 53
9 54
8 55
13 56
10 57
9 58
8 59
13 60
10 61
8 62
7 63
13 64
10 65
8 66
7 67
13 68
10 69
9 70
7 71
10 72
9 73
7 74
10 75
8 76
7 77
13 78
10 79
8 80
7 81
10 82
9 83
8 84
14 85
10 86
9 87
8 88
14 89
10 90
9 91
8 92
10 93
9 94
8 95
10 96
9 97
8 98
14 99
10 100
9 101
8 102
14 103
10 104
9 105
8 106
14 107
10 108
9 109
10 110
9 111
8 112
14 113
10 114
9 115
8 116
10 117
9 118
8 119
14 120
10 121
9 122
8 123
8 124
14 125
14 126
11 127
9 128
8 129
14 130
9 131
8 132
14 133
11 134
9 135
8 136
14 137
11 138
9 139
8 140
14 141
11 142
9 143
8 144
14 145
11 146
9 147
8 148
14 149
11 150
9 151
8 152
14 153
11 154
9 155
8 156
14 157
10 158
9 159
8 160
14 161
10 162
14 163
11 164
9 165
8 166
11 167
9 168
8 169
14 170
11 171
9 172
8 173
11 174
9 175
8 176
14 177
11 178
9 179
8 180
14 181
11 182
9 183
8 184
14 185
11 186
9 187
9 188
8 189
14 190
10 191
9 192
15 193
11 194
10 195
9 196
15 197
11 198
10 199
9 200
15 201
11 202
10 203
9 204
15 205
11 206
10 207
9 208
15 209
11 210
10 211
9 212
15 213
11 214
10 215
9 216
15 217
11 218
10 219
9 220
15 221
11 222
10 223
9 224
15 225
11 226
10 227
9 228
15 229
11 230
10 231
9 232
9 233
15 234
11 235
10 236
9 237
14 238
11 239
10 240
9 241
14 242
11 243
15 244
9 245
15 246
9 247
15 248
11 249
10 250
9 251
15 252
11 253
10 254
9 255
15 256
11 257
10 258
9 259
15 260
11 261
10 262
9 263
15 264
11 265
10 266
9 267
15 268
11 269
10 270
9 271
15 272
9 273
15 274
11 275
9 276
15 277
11 278
10 279
9 280
15 281
11 282
10 283
9 284
15 285
10 286
9 287
15 288
11 289
10 290
9 291
15 292
11 293
10 294
9 295
15 296
11 297
10 298
9 299
9 300
15 301
11 302
10 303
9 304
15 305
11 306
11 307
10 308
9 309
15 310
10 311
9 312
15 313
12 314
10 315
9 316
15 317
12 318
10 319
9 320
12 321
10 322
9 323
15 324
10 325
9 326
15 327
12 328
10 329
9 330
15 331
10 332
9 333
15 334
12 335
10 336
9 337
15 338
12 339
10 340
9 341
15 342
9 343
15 344
12 345
10 346
9 347
15 348
12 349
10 350
9 351
15 352
12 353
10 354
9 355
15 356
12 357
10 358
9 359
15 360
12 361
10 362
9 363
15 364
12 365
10 366
9 367
15 368
11 369
10 370
11 371
10 372
9 373
10 374
9 375
15 376
12 377
15 378
12 379
10 380
9 381
15 382
12 383
10 384
9 385
15 386
12 387
10 388
9 389
15 390
12 391
9 392
15 393
12 394
10 395
9 396
15 397
12 398
9 399
15 400
12 401
10 402
9 403
15 404
12 405
10 406
9 407
15 408
12 409
10 410
9 411
15 412
9 413
15 414
12 415
12 416
11 417
9 418
15 419
12 420
10 421
9 422
15 423
12 424
10 425
9 426
15 427
12 428
10 429
9 430
15 431
12 432
10 433
9 434
15 435
12 436
10 437
9 438
15 439
12 440
10 441
9 442
15 443
12 444
10 445
9 446
15 447
12 448
10 449
9 450
15 451
15 452
12 453
10 454
9 455
15 456
12 457
10 458
9 459
15 460
12 461
9 462
15 463
12 464
10 465
15 466
12 467
10 468
15 469
12 470
10 471
9 472
15 473
12 474
10 475
9 476
15 477
12 478
10 479
16 480
12 481
11 482
10 483
16 484
12 485
11 486
10 487
16 488
12 489
11 490
10 491
16 492
12 493
11 494
10 495
16 496
12 497
11 498
10 499
16 500
12 501
11 502
10 503
16 504
12 505
11 506
10 507
16 508
12 509
11 510
11 511
10 512
16 513
12 514
11 515
10 516
16 517
12 518
11 519
10 520
15 521
12 522
11 523
10 524
15 525
12 526
11 527
10 528
15 529
12 530
11 531
10 532
15 533
12 534
11 535
10 536
15 537
12 538
11 539
9 540
15 541
12 542
11 543
9 544
15 545
12 546
11 547
9 548
12 549
15 550
12 551
11 552
9 553
15 554
12 555
15 556
9 557
15 558
12 559
10 560
15 561
12 562
15 563
11 564
10 565
15 566
12 567
11 568
10 569
11 570
12 571
11 572
10 573
10 574
15 575
12 576
11 577
15 578
12 579
10 580
12 581
10 582
15 583
10 584
12 585
11 586
15 587
10 588
15 589
12 590
15 591
11 592
10 593
12 594
15 595
12 596
11 597
12 598
10 599
15 600
11 601
12 602
11 603
10 604
11 605
15 606
12 607
10 608
11 609
15 610
12 611
15 612
11 613
10 614
12 615
15 616
12 617
11 618
12 619
15 620
12 621
10 622
11 623
10 624
15 625
10 626
11 627
10 628
12 629
15 630
12 631
11 632
12 633
15 634
12 635
10 636
11 637
10 638
15 639
10 640
11 641
10 642
12 643
15 644
12 645
11 646
12 647
15 648
12 649
10 650
11 651
10 652
15 653
10 654
11 655
10 656
12 657
16 658
12 659
11 660
12 661
16 662
12 663
10 664
11 665
10 666
16 667
10 668
11 669
10 670
12 671
16 672
12 673
11 674
12 675
16 676
12 677
10 678
11 679
16 680
12 681
16 682
11 683
10 684
12 685
16 686
11 687
10 688
11 689
16 690
12 691
10 692
11 693
16 694
12 695
16 696
10 697
16 698
11 699
12 700
11 701
10 702
11 703
12 704
11 705
16 706
10 707
12 708
11 709
12 710
10 711
16 712
11 713
12 714
10 715
16 716
10 717
12 718
11 719
16 720
10 721
12 722
11 723
12 724
16 725
12 726
10 727
11 728
10 729
16 730
10 731
11 732
10 733
12 734
16 735
11 736
10 737
11 738
16 739
12 740
10 741
11 742
16 743
12 744
16 745
10 746
16 747
11 748
12 749
11 750
10 751
11 752
12 753
11 754
16 755
10 756
12 757
11 758
12 759
10 760
16 761
11 762
12 763
10 764
16 765
10 766
12 767
11 768
16 769
10 770
12 771
11 772
12 773
16 774
12 775
10 776
11 777
10 778
16 779
10 780
11 781
10 782
12 783
16 784
11 785
10 786
11 787
16 788
12 789
10 790
11 791
16 792
12 793
16 794
10 795
16 796
11 797
12 798
11 799
10 800
11 801
12 802
11 803
16 804
10 805
12 806
11 807
12 808
10 809
16 810
11 811
12 812
10 813
16 814
10 815
11 816
10 817
12 818
16 819
12 820
11 821
12 822
16 823
12 824
10 825
11 826
16 827
12 828
16 829
11 830
10 831
12 832
16 833
11 834
10 835
11 836
12 837
11 838
16 839
10 840
16 841
12 842
11 843
12 844
11 845
16 846
10 847
16 848
12 849
16 850
10 851
16 852
11 853
12 854
10 855
16 856
10 857
12 858
11 859
16 860
10 861
12 862
11 863
12 864
16 865
12 866
10 867
11 868
16 869
12 870
16 871
11 872
10 873
12 874
16 875
11 876
10 877
11 878
12 879
11 880
16 881
10 882
16 883
12 884
16 885
10 886
16 887
11 888
12 889
10 890
16 891
12 892
16 893
12 894
10 895
11 896
16 897
12 898
10 899
11 900
10 901
16 902
10 903
11 904
10 905
12 906
16 907
11 908
10 909
11 910
12 911
11 912
16 913
10 914
16 915
12 916
16 917
10 918
16 919
11 920
12 921
10 922
16 923
10 924
12 925
11 926
16 927
10 928
12 929
11 930
12 931
16 932
12 933
10 934
11 935
10 936
16 937
10 938
11 939
10 940
12 941
16 942
11 943
10 944
11 945
16 946
12 947
10 948
11 949
16 950
12 951
16 952
10 953
16 954
11 955
12 956
10 957
16 958
10 959
12 960
11 961
16 962
10 963
12 964
11 965
12 966
16 967
12 968
10 969
11 970
16 971
12 972
16 973
11 974
10 975
12 976
16 977
11 978
10 979
11 980
12 981
11 982
16 983
10 984
16 985
12 986
16 987
10 988
16 989
11 990
12 991
10 992
16 993
10 994
11 995
10 996
12 997
16 998
12 999
11 1000
12 1001
16 1002
12 1003
10 1004
11 1005
16 1006
12 1007
16 1008
11 1009
10 1010
12 1011
16 1012
11 1013
10 1014
11 1015
12 1016
11 1017
16 1018
10 1019
16 1020
12 1021
16 1022
10 1023
16 1024
11 1025
12 1026
10 1027
16 1028
10 1029
12 1030
11 1031
16 1032
10 1033
12 1034
11 1035
12 1036
16 1037
12 1038
10 1039
11 1040
16 1041
12 1042
16 1043
11 1044
10 1045
12 1046
16 1047
11 1048
10 1049
11 1050
13 1051
11 1052
16 1053
10 1054
16 1055
13 1056
16 1057
10 1058
16 1059
11 1060
13 1061
10 1062
16 1063
10 1064
13 1065
11 1066
16 1067
10 1068
13 1069
11 1070
13 1071
16 1072
13 1073
10 1074
11 1075
16 1076
13 1077
16 1078
11 1079
10 1080
13 1081
16 1082
11 1083
10 1084
11 1085
13 1086
11 1087
16 1088
10 1089
16 1090
13 1091
16 1092
10 1093
16 1094
13 1095
16 1096
11 1097
10 1098
11 1099
13 1100
11 1101
16 1102
10 1103
16 1104
13 1105
16 1106
10 1107
16 1108
11 1109
13 1110
10 1111
16 1112
10 1113
11 1114
10 1115
13 1116
16 1117
13 1118
11 1119
13 1120
16 1121
13 1122
10 1123
11 1124
16 1125
13 1126
16 1127
11 1128
10 1129
13 1130
16 1131
11 1132
10 1133
11 1134
13 1135
11 1136
16 1137
10 1138
16 1139
13 1140
16 1141
10 1142
16 1143
11 1144
13 1145
10 1146
16 1147
10 1148
13 1149
11 1150
16 1151
10 1152
16 1153
13 1154
16 1155
10 1156
13 1157
11 1158
13 1159
10 1160
16 1161
10 1162
13 1163
10 1164
16 1165
10 1166
13 1167
11 1168
13 1169
16 1170
11 1171
10 1172
11 1173
10 1174
16 1175
10 1176
11 1177
16 1178
13 1179
16 1180
11 1181
10 1182
11 1183
16 1184
11 1185
10 1186
11 1187
16 1188
13 1189
16 1190
10 1191
16 1192
11 1193
13 1194
11 1195
10 1196
11 1197
13 1198
10 1199
16 1200
10 1201
16 1202
13 1203
16 1204
10 1205
16 1206
10 1207
11 1208
16 1209
13 1210
16 1211
11 1212
10 1213
16 1214
10 1215
11 1216
10 1217
13 1218
16 1219
10 1220
10 1221
11 1222
16 1223
13 1224
10 1225
11 1226
13 1227
13 1228
16 1229
10 1230
16 1231
11 1232
13 1233
10 1234
10 1235
11 1236
13 1237
11 1238
16 1239
10 1240
11 1241
11 1242
13 1243
10 1244
16 1245
11 1246
13 1247
10 1248
16 1249
10 1250
11 1251
10 1252
13 1253
16 1254
13 1255
11 1256
13 1257
16 1258
13 1259
10 1260
11 1261
11 1262
10 1263
11 1264
13 1265
11 1266
16 1267
10 1268
13 1269
11 1270
16 1271
10 1272
13 1273
11 1274
13 1275
10 1276
16 1277
11 1278
13 1279
10 1280
16 1281
10 1282
11 1283
10 1284
13 1285
16 1286
13 1287
11 1288
13 1289
16 1290
13 1291
10 1292
11 1293
16 1294
13 1295
16 1296
11 1297
10 1298
13 1299
16 1300
11 1301
10 1302
11 1303
13 1304
11 1305
16 1306
10 1307
16 1308
13 1309
16 1310
10 1311
16 1312
11 1313
13 1314
10 1315
16 1316
10 1317
13 1318
11 1319
16 1320
10 1321
13 1322
11 1323
13 1324
16 1325
13 1326
10 1327
11 1328
10 1329
16 1330
10 1331
12 1332
10 1333
13 1334
16 1335
12 1336
10 1337
12 1338
16 1339
13 1340
10 1341
12 1342
16 1343
13 1344
16 1345
10 1346
16 1347
12 1348
13 1349
12 1350
10 1351
10 1352
12 1353
10 1354
13 1355
16 1356
13 1357
12 1358
13 1359
13 1360
10 1361
13 1362
16 1363
12 1364
10 1365
12 1366
13 1367
12 1368
10 1369
12 1370
16 1371
13 1372
10 1373
10 1374
16 1375
13 1376
16 1377
10 1378
16 1379
12 1380
13 1381
12 1382
10 1383
12 1384
13 1385
12 1386
16 1387
16 1388
13 1389
12 1390
13 1391
10 1392
16 1393
12 1394
12 1395
10 1396
16 1397
10 1398
12 1399
10 1400
13 1401
16 1402
13 1403
12 1404
13 1405
16 1406
13 1407
11 1408
11 1409
13 1410
12 1411
13 1412
11 1413
16 1414
12 1415
13 1416
11 1417
16 1418
11 1419
12 1420
11 1421
13 1422
16 1423
12 1424
11 1425
12 1426
16 1427
13 1428
11 1429
12 1430
16 1431
13 1432
16 1433
11 1434
16 1435
12 1436
12 1437
12 1438
11 1439
12 1440
13 1441
12 1442
13 1443
16 1444
13 1445
12 1446
16 1447
11 1448
13 1449
12 1450
12 1451
11 1452
16 1453
12 1454
13 1455
11 1456
16 1457
16 1458
12 1459
11 1460
13 1461
16 1462
13 1463
12 1464
12 1465
16 1466
13 1467
11 1468
12 1469
16 1470
13 1471
13 1472
11 1473
16 1474
12 1475
13 1476
12 1477
11 1478
11 1479
13 1480
12 1481
16 1482
11 1483
13 1484
12 1485
13 1486
11 1487
16 1488
12 1489
13 1490
11 1491
16 1492
16 1493
13 1494
12 1495
16 1496
11 1497
13 1498
12 1499
12 1500
11 1501
16 1502
12 1503
13 1504
11 1505
16 1506
11 1507
13 1508
12 1509
11 1510
12 1511
13 1512
12 1513
13 1514
11 1515
13 1516
12 1517
13 1518
11 1519
16 1520
11 1521
13 1522
11 1523
16 1524
11 1525
12 1526
11 1527
12 1528
16 1529
12 1530
11 1531
12 1532
16 1533
13 1534
16 1535
12 1536
16 1537
13 1538
16 1539
11 1540
16 1541
11 1542
13 1543
12 1544
11 1545
12 1546
13 1547
12 1548
13 1549
11 1550
13 1551
12 1552
13 1553
16 1554
13 1555
11 1556
13 1557
11 1558
16 1559
11 1560
12 1561
11 1562
12 1563
17 1564
12 1565
11 1566
12 1567
17 1568
12 1569
17 1570
13 1571
17 1572
13 1573
11 1574
12 1575
17 1576
12 1577
17 1578
12 1579
11 1580
13 1581
17 1582
12 1583
17 1584
12 1585
13 1586
12 1587
17 1588
11 1589
13 1590
11 1591
13 1592
11 1593
17 1594
12 1595
13 1596
11 1597
13 1598
11 1599
12 1600
11 1601
13 1602
17 1603
12 1604
17 1605
12 1606
17 1607
13 1608
11 1609
12 1610
17 1611
13 1612
17 1613
11 1614
17 1615
12 1616
13 1617
11 1618
17 1619
11 1620
13 1621
12 1622
17 1623
11 1624
12 1625
11 1626
11 1627
12 1628
11 1629
17 1630
11 1631
12 1632
17 1633
13 1634
17 1635
12 1636
11 1637
12 1638
13 1639
11 1640
17 1641
11 1642
17 1643
13 1644
17 1645
11 1646
13 1647
12 1648
13 1649
11 1650
17 1651
11 1652
13 1653
11 1654
17 1655
11 1656
13 1657
12 1658
13 1659
17 1660
12 1661
11 1662
12 1663
17 1664
13 1665
17 1666
12 1667
17 1668
13 1669
17 1670
12 1671
11 1672
12 1673
13 1674
12 1675
17 1676
11 1677
17 1678
13 1679
17 1680
17 1681
13 1682
11 1683
12 1684
11 1685
17 1686
11 1687
12 1688
17 1689
13 1690
17 1691
12 1692
11 1693
12 1694
17 1695
12 1696
11 1697
12 1698
17 1699
13 1700
17 1701
11 1702
17 1703
13 1704
17 1705
11 1706
17 1707
12 1708
13 1709
11 1710
11 1711
12 1712
13 1713
12 1714
17 1715
11 1716
12 1717
12 1718
13 1719
17 1720
13 1721
11 1722
12 1723
17 1724
17 1725
11 1726
12 1727
11 1728
13 1729
17 1730
11 1731
11 1732
12 1733
13 1734
12 1735
17 1736
11 1737
13 1738
13 1739
17 1740
11 1741
17 1742
12 1743
13 1744
11 1745
17 1746
11 1747
13 1748
12 1749
17 1750
11 1751
12 1752
13 1753
17 1754
12 1755
11 1756
13 1757
17 1758
12 1759
11 1760
13 1761
17 1762
12 1763
11 1764
12 1765
13 1766
13 1767
11 1768
12 1769
17 1770
13 1771
17 1772
17 1773
17 1774
12 1775
13 1776
11 1777
17 1778
11 1779
12 1780
12 1781
17 1782
11 1783
13 1784
12 1785
13 1786
13 1787
13 1788
11 1789
12 1790
11 1791
17 1792
11 1793
11 1794
11 1795
13 1796
17 1797
12 1798
11 1799
12 1800
13 1801
12 1802
17 1803
11 1804
17 1805
13 1806
17 1807
17 1808
17 1809
13 1810
17 1811
11 1812
17 1813
12 1814
12 1815
12 1816
11 1817
12 1818
13 1819
12 1820
17 1821
17 1822
13 1823
12 1824
13 1825
17 1826
13 1827
11 1828
12 1829
11 1830
17 1831
11 1832
12 1833
11 1834
13 1835
13 1836
12 1837
11 1838
12 1839
17 1840
13 1841
11 1842
11 1843
17 1844
13 1845
17 1846
11 1847
17 1848
12 1849
12 1850
11 1851
17 1852
11 1853
13 1854
12 1855
17 1856
17 1857
12 1858
11 1859
12 1860
13 1861
12 1862
17 1863
11 1864
13 1865
12 1866
17 1867
11 1868
17 1869
13 1870
13 1871
11 1872
17 1873
12 1874
13 1875
11 1876
17 1877
17 1878
13 1879
12 1880
17 1881
11 1882
13 1883
12 1884
12 1885
17 1886
13 1887
11 1888
12 1889
11 1890
17 1891
17 1892
12 1893
11 1894
13 1895
17 1896
12 1897
11 1898
11 1899
13 1900
12 1901
17 1902
11 1903
17 1904
13 1905
13 1906
11 1907
17 1908
12 1909
13 1910
11 1911
17 1912
17 1913
13 1914
12 1915
11 1916
12 1917
13 1918
12 1919
13 1920
11 1921
13 1922
12 1923
13 1924
17 1925
13 1926
11 1927
12 1928
11 1929
17 1930
11 1931
12 1932
11 1933
12 1934
17 1935
12 1936
11 1937
12 1938
17 1939
13 1940
17 1941
12 1942
17 1943
13 1944
17 1945
11 1946
17 1947
11 1948
13 1949
12 1950
11 1951
12 1952
13 1953
12 1954
13 1955
11 1956
13 1957
12 1958
13 1959
17 1960
13 1961
11 1962
17 1963
12 1964
11 1965
12 1966
13 1967
12 1968
17 1969
11 1970
13 1971
12 1972
13 1973
17 1974
13 1975
11 1976
12 1977
17 1978
13 1979
17 1980
12 1981
11 1982
13 1983
17 1984
12 1985
11 1986
12 1987
13 1988
12 1989
17 1990
11 1991
13 1992
12 1993
13 1994
17 1995
13 1996
11 1997
12 1998
11 1999
17 2000
17 1564
