70 1
67 2
70 3
68 4
71 5
68 6
71 7
69 8
72 9
73 10
70 11
73 12
73 13
71 14
73 15
71 16
71 17
74 18
71 19
74 20
74 21
72 22
74 23
72 24
72 25
72 26
74 27
72 28
74 29
75 30
72 31
75 32
72 33
75 34
75 35
72 36
75 37
72 38
75 39
72 40
75 41
72 42
75 43
72 44
75 45
72 46
75 47
72 48
75 49
72 50
75 51
73 52
75 53
73 54
75 55
73 56
75 57
73 58
75 59
73 60
75 61
73 62
75 63
73 64
75 65
73 66
76 67
73 68
76 69
73 70
76 71
73 72
76 73
73 74
76 75
73 76
76 77
73 78
76 79
73 80
76 81
73 82
76 83
73 84
76 85
73 86
76 87
73 88
76 89
73 90
76 91
73 92
76 93
73 94
76 95
73 96
76 97
73 98
76 99
73 100
76 101
73 102
76 103
73 104
76 105
73 106
76 107
74 108
76 109
74 110
76 111
74 112
76 113
74 114
76 115
74 116
76 117
74 118
76 119
74 120
76 121
74 122
76 123
74 124
76 125
74 126
76 127
74 128
76 129
74 130
76 131
74 132
77 133
74 134
77 135
74 136
77 137
74 138
77 139
74 140
77 141
74 142
77 143
74 144
77 145
74 146
77 147
74 148
77 149
74 150
77 151
74 152
77 153
74 154
77 155
74 156
77 157
74 158
77 159
74 160
77 161
74 162
77 163
74 164
77 165
74 166
77 167
74 168
77 169
74 170
77 171
74 172
77 173
74 174
77 175
74 176
77 177
74 178
77 179
74 180
77 181
74 182
77 183
74 184
77 185
74 186
77 187
74 188
77 189
74 190
77 191
74 192
77 193
74 194
77 195
74 196
77 197
74 198
77 199
75 200
77 201
75 202
77 203
75 204
77 205
75 206
77 207
75 208
77 209
75 210
77 211
75 212
77 213
75 214
77 215
75 216
77 217
75 218
77 219
75 220
77 221
75 222
77 223
75 224
77 225
75 226
77 227
75 228
77 229
75 230
77 231
75 232
77 233
75 234
77 235
75 236
77 237
75 238
77 239
75 240
78 241
75 242
78 243
75 244
78 245
75 246
78 247
75 248
78 249
75 250
78 251
75 252
78 253
75 254
78 255
75 256
78 257
75 258
78 259
75 260
78 261
75 262
78 263
75 264
78 265
75 266
78 267
75 268
78 269
75 270
78 271
75 272
78 273
75 274
78 275
75 276
78 277
75 278
78 279
75 280
78 281
75 282
78 283
75 284
78 285
75 286
78 287
75 288
78 289
75 290
78 291
75 292
78 293
75 294
78 295
75 296
78 297
75 298
78 299
75 300
78 301
75 302
78 303
75 304
78 305
75 306
78 307
75 308
78 309
75 310
78 311
75 312
78 313
75 314
78 315
75 316
78 317
75 318
78 319
75 320
78 321
75 322
78 323
75 324
78 325
75 326
78 327
75 328
78 329
75 330
78 331
75 332
78 333
75 334
78 335
75 336
78 337
75 338
78 339
75 340
78 341
75 342
78 343
75 344
78 345
75 346
78 347
75 348
78 349
75 350
78 351
76 352
78 353
76 354
78 355
76 356
78 357
76 358
78 359
76 360
78 361
76 362
78 363
76 364
78 365
76 366
78 367
76 368
78 369
76 370
78 371
76 372
78 373
76 374
78 375
76 376
78 377
76 378
78 379
76 380
78 381
76 382
78 383
76 384
78 385
76 386
78 387
76 388
78 389
76 390
78 391
76 392
78 393
76 394
78 395
76 396
78 397
76 398
78 399
76 400
78 401
76 402
78 403
76 404
78 405
76 406
78 407
76 408
78 409
76 410
78 411
76 412
78 413
76 414
78 415
76 416
78 417
76 418
78 419
76 420
79 421
76 422
79 423
76 424
79 425
76 426
79 427
76 428
79 429
76 430
79 431
76 432
79 433
76 434
79 435
76 436
79 437
76 438
79 439
76 440
79 441
76 442
79 443
76 444
79 445
76 446
79 447
76 448
79 449
76 450
79 451
76 452
79 453
76 454
79 455
76 456
79 457
76 458
79 459
76 460
79 461
76 462
79 463
76 464
79 465
76 466
79 467
76 468
79 469
76 470
79 471
76 472
79 473
76 474
79 475
76 476
79 477
76 478
79 479
76 480
79 481
76 482
79 483
76 484
79 485
76 486
79 487
76 488
79 489
76 490
79 491
76 492
79 493
76 494
79 495
76 496
79 497
76 498
79 499
76 500
79 501
76 502
79 503
76 504
79 505
76 506
79 507
76 508
79 509
76 510
79 511
76 512
79 513
76 514
79 515
76 516
79 517
76 518
79 519
76 520
79 521
76 522
79 523
76 524
79 525
76 526
79 527
76 528
79 529
76 530
79 531
76 532
79 533
76 534
79 535
76 536
79 537
76 538
79 539
76 540
79 541
76 542
79 543
76 544
79 545
76 546
79 547
76 548
79 549
76 550
79 551
76 552
79 553
76 554
79 555
76 556
79 557
76 558
79 559
76 560
79 561
76 562
79 563
76 564
79 565
76 566
79 567
76 568
79 569
76 570
79 571
76 572
79 573
76 574
79 575
76 576
79 577
76 578
79 579
76 580
79 581
76 582
79 583
76 584
79 585
76 586
79 587
76 588
79 589
76 590
79 591
76 592
79 593
76 594
79 595
76 596
79 597
76 598
79 599
76 600
79 601
76 602
79 603
76 604
79 605
76 606
79 607
77 608
79 609
77 610
79 611
77 612
79 613
77 614
79 615
77 616
79 617
77 618
79 619
77 620
79 621
77 622
79 623
77 624
79 625
77 626
79 627
77 628
79 629
77 630
79 631
77 632
79 633
77 634
79 635
77 636
79 637
77 638
79 639
77 640
79 641
77 642
79 643
77 644
79 645
77 646
79 647
77 648
79 649
77 650
79 651
77 652
79 653
77 654
79 655
77 656
79 657
77 658
79 659
77 660
79 661
77 662
79 663
77 664
79 665
77 666
79 667
77 668
79 669
77 670
79 671
77 672
79 673
77 674
79 675
77 676
79 677
77 678
79 679
77 680
79 681
77 682
79 683
77 684
79 685
77 686
79 687
77 688
79 689
77 690
79 691
77 692
79 693
77 694
79 695
77 696
79 697
77 698
79 699
77 700
79 701
77 702
79 703
77 704
79 705
77 706
79 707
77 708
79 709
77 710
79 711
77 712
79 713
77 714
79 715
77 716
79 717
77 718
79 719
77 720
79 721
77 722
80 723
77 724
80 725
77 726
80 727
77 728
80 729
77 730
80 731
77 732
80 733
77 734
80 735
77 736
80 737
77 738
80 739
77 740
80 741
77 742
80 743
77 744
80 745
77 746
80 747
77 748
80 749
77 750
80 751
77 752
80 753
77 754
80 755
77 756
80 757
77 758
80 759
77 760
80 761
77 762
80 763
77 764
80 765
77 766
80 767
77 768
80 769
77 770
80 771
77 772
80 773
77 774
80 775
77 776
80 777
77 778
80 779
77 780
80 781
77 782
80 783
77 784
80 785
77 786
80 787
77 788
80 789
77 790
80 791
77 792
80 793
77 794
80 795
77 796
80 797
77 798
80 799
77 800
80 801
77 802
80 803
77 804
80 805
77 806
80 807
77 808
80 809
77 810
80 811
77 812
80 813
77 814
80 815
77 816
80 817
77 818
80 819
77 820
80 821
77 822
80 823
77 824
80 825
77 826
80 827
77 828
80 829
77 830
80 831
77 832
80 833
77 834
80 835
77 836
80 837
77 838
80 839
77 840
80 841
77 842
80 843
77 844
80 845
77 846
80 847
77 848
80 849
77 850
80 851
77 852
80 853
77 854
80 855
77 856
80 857
77 858
80 859
77 860
80 861
77 862
80 863
77 864
80 865
77 866
80 867
77 868
80 869
77 870
80 871
77 872
80 873
77 874
80 875
77 876
80 877
77 878
80 879
77 880
80 881
77 882
80 883
77 884
80 885
77 886
80 887
77 888
80 889
77 890
80 891
77 892
80 893
77 894
80 895
77 896
80 897
77 898
80 899
77 900
80 901
77 902
80 903
77 904
80 905
77 906
80 907
77 908
80 909
77 910
80 911
77 912
80 913
77 914
80 915
77 916
80 917
77 918
80 919
77 920
80 921
77 922
80 923
77 924
80 925
77 926
80 927
77 928
80 929
77 930
80 931
77 932
80 933
77 934
80 935
77 936
80 937
77 938
80 939
77 940
80 941
77 942
80 943
77 944
80 945
77 946
80 947
77 948
80 949
77 950
80 951
77 952
80 953
77 954
80 955
77 956
80 957
77 958
80 959
77 960
80 961
77 962
80 963
77 964
80 965
77 966
80 967
77 968
80 969
77 970
80 971
77 972
80 973
77 974
80 975
77 976
80 977
77 978
80 979
77 980
80 981
77 982
80 983
77 984
80 985
77 986
80 987
77 988
80 989
77 990
80 991
77 992
80 993
77 994
80 995
77 996
80 997
77 998
80 999
77 1000
80 1001
77 1002
80 1003
77 1004
80 1005
77 1006
80 1007
77 1008
80 1009
77 1010
80 1011
77 1012
80 1013
77 1014
80 1015
77 1016
80 1017
77 1018
80 1019
77 1020
80 1021
77 1022
80 1023
77 1024
80 1025
77 1026
80 1027
77 1028
80 1029
77 1030
80 1031
78 1032
80 1033
78 1034
80 1035
78 1036
80 1037
78 1038
80 1039
78 1040
80 1041
78 1042
80 1043
78 1044
80 1045
78 1046
80 1047
78 1048
80 1049
78 1050
80 1051
78 1052
80 1053
78 1054
80 1055
78 1056
80 1057
78 1058
80 1059
78 1060
80 1061
78 1062
80 1063
78 1064
80 1065
78 1066
80 1067
78 1068
80 1069
78 1070
80 1071
78 1072
80 1073
78 1074
80 1075
78 1076
80 1077
78 1078
80 1079
78 1080
80 1081
78 1082
80 1083
78 1084
80 1085
78 1086
80 1087
78 1088
80 1089
78 1090
80 1091
78 1092
80 1093
78 1094
80 1095
78 1096
80 1097
78 1098
80 1099
78 1100
80 1101
78 1102
80 1103
78 1104
80 1105
78 1106
80 1107
78 1108
80 1109
78 1110
80 1111
78 1112
80 1113
78 1114
80 1115
78 1116
80 1117
78 1118
80 1119
78 1120
80 1121
78 1122
80 1123
78 1124
80 1125
78 1126
80 1127
78 1128
80 1129
78 1130
80 1131
78 1132
80 1133
78 1134
80 1135
78 1136
80 1137
78 1138
80 1139
78 1140
80 1141
78 1142
80 1143
78 1144
80 1145
78 1146
80 1147
78 1148
80 1149
78 1150
80 1151
78 1152
80 1153
78 1154
80 1155
78 1156
80 1157
78 1158
80 1159
78 1160
80 1161
78 1162
80 1163
78 1164
80 1165
78 1166
80 1167
78 1168
80 1169
78 1170
80 1171
78 1172
80 1173
78 1174
80 1175
78 1176
80 1177
78 1178
80 1179
78 1180
80 1181
78 1182
80 1183
78 1184
80 1185
78 1186
80 1187
78 1188
80 1189
78 1190
80 1191
78 1192
80 1193
78 1194
80 1195
78 1196
80 1197
78 1198
80 1199
78 1200
80 1201
78 1202
80 1203
78 1204
80 1205
78 1206
80 1207
78 1208
80 1209
78 1210
80 1211
78 1212
80 1213
78 1214
80 1215
78 1216
80 1217
78 1218
80 1219
78 1220
80 1221
78 1222
80 1223
78 1224
81 1225
78 1226
81 1227
78 1228
81 1229
78 1230
81 1231
78 1232
81 1233
78 1234
81 1235
78 1236
81 1237
78 1238
81 1239
78 1240
81 1241
78 1242
81 1243
78 1244
81 1245
78 1246
81 1247
78 1248
81 1249
78 1250
81 1251
78 1252
81 1253
78 1254
81 1255
78 1256
81 1257
78 1258
81 1259
78 1260
81 1261
78 1262
81 1263
78 1264
81 1265
78 1266
81 1267
78 1268
81 1269
78 1270
81 1271
78 1272
81 1273
78 1274
81 1275
78 1276
81 1277
78 1278
81 1279
78 1280
81 1281
78 1282
81 1283
78 1284
81 1285
78 1286
81 1287
78 1288
81 1289
78 1290
81 1291
78 1292
81 1293
78 1294
81 1295
78 1296
81 1297
78 1298
81 1299
78 1300
81 1301
78 1302
81 1303
78 1304
81 1305
78 1306
81 1307
78 1308
81 1309
78 1310
81 1311
78 1312
81 1313
78 1314
81 1315
78 1316
81 1317
78 1318
81 1319
78 1320
81 1321
78 1322
81 1323
78 1324
81 1325
78 1326
81 1327
78 1328
81 1329
78 1330
81 1331
78 1332
81 1333
78 1334
81 1335
78 1336
81 1337
78 1338
81 1339
78 1340
81 1341
78 1342
81 1343
78 1344
81 1345
78 1346
81 1347
78 1348
81 1349
78 1350
81 1351
78 1352
81 1353
78 1354
81 1355
78 1356
81 1357
78 1358
81 1359
78 1360
81 1361
78 1362
81 1363
78 1364
81 1365
78 1366
81 1367
78 1368
81 1369
78 1370
81 1371
78 1372
81 1373
78 1374
81 1375
78 1376
81 1377
78 1378
81 1379
78 1380
81 1381
78 1382
81 1383
78 1384
81 1385
78 1386
81 1387
78 1388
81 1389
78 1390
81 1391
78 1392
81 1393
78 1394
81 1395
78 1396
81 1397
78 1398
81 1399
78 1400
81 1401
78 1402
81 1403
78 1404
81 1405
78 1406
81 1407
78 1408
81 1409
78 1410
81 1411
78 1412
81 1413
78 1414
81 1415
78 1416
81 1417
78 1418
81 1419
78 1420
81 1421
78 1422
81 1423
78 1424
81 1425
78 1426
81 1427
78 1428
81 1429
78 1430
81 1431
78 1432
81 1433
78 1434
81 1435
78 1436
81 1437
78 1438
81 1439
78 1440
81 1441
78 1442
81 1443
78 1444
81 1445
78 1446
81 1447
78 1448
81 1449
78 1450
81 1451
78 1452
81 1453
78 1454
81 1455
78 1456
81 1457
78 1458
81 1459
78 1460
81 1461
78 1462
81 1463
78 1464
81 1465
78 1466
81 1467
78 1468
81 1469
78 1470
81 1471
78 1472
81 1473
78 1474
81 1475
78 1476
81 1477
78 1478
81 1479
78 1480
81 1481
78 1482
81 1483
78 1484
81 1485
78 1486
81 1487
78 1488
81 1489
78 1490
81 1491
78 1492
81 1493
78 1494
81 1495
78 1496
81 1497
78 1498
81 1499
78 1500
81 1501
78 1502
81 1503
78 1504
81 1505
78 1506
81 1507
78 1508
81 1509
78 1510
81 1511
78 1512
81 1513
78 1514
81 1515
78 1516
81 1517
78 1518
81 1519
78 1520
81 1521
78 1522
81 1523
78 1524
81 1525
78 1526
81 1527
78 1528
81 1529
78 1530
81 1531
78 1532
81 1533
78 1534
81 1535
78 1536
81 1537
78 1538
81 1539
78 1540
81 1541
78 1542
81 1543
78 1544
81 1545
78 1546
81 1547
78 1548
81 1549
78 1550
81 1551
78 1552
81 1553
78 1554
81 1555
78 1556
81 1557
78 1558
81 1559
78 1560
81 1561
78 1562
81 1563
78 1564
81 1565
78 1566
81 1567
78 1568
81 1569
78 1570
81 1571
78 1572
81 1573
78 1574
81 1575
78 1576
81 1577
78 1578
81 1579
78 1580
81 1581
78 1582
81 1583
78 1584
81 1585
78 1586
81 1587
78 1588
81 1589
78 1590
81 1591
78 1592
81 1593
78 1594
81 1595
78 1596
81 1597
78 1598
81 1599
78 1600
81 1601
78 1602
81 1603
78 1604
81 1605
78 1606
81 1607
78 1608
81 1609
78 1610
81 1611
78 1612
81 1613
78 1614
81 1615
78 1616
81 1617
78 1618
81 1619
78 1620
81 1621
78 1622
81 1623
78 1624
81 1625
78 1626
81 1627
78 1628
81 1629
78 1630
81 1631
78 1632
81 1633
78 1634
81 1635
78 1636
81 1637
78 1638
81 1639
78 1640
81 1641
78 1642
81 1643
78 1644
81 1645
78 1646
81 1647
78 1648
81 1649
78 1650
81 1651
78 1652
81 1653
78 1654
81 1655
78 1656
81 1657
78 1658
81 1659
78 1660
81 1661
78 1662
81 1663
78 1664
81 1665
78 1666
81 1667
78 1668
81 1669
78 1670
81 1671
78 1672
81 1673
78 1674
81 1675
78 1676
81 1677
78 1678
81 1679
78 1680
81 1681
78 1682
81 1683
78 1684
81 1685
78 1686
81 1687
78 1688
81 1689
78 1690
81 1691
78 1692
81 1693
78 1694
81 1695
78 1696
81 1697
78 1698
81 1699
78 1700
81 1701
78 1702
81 1703
78 1704
81 1705
78 1706
81 1707
78 1708
81 1709
78 1710
81 1711
78 1712
81 1713
78 1714
81 1715
78 1716
81 1717
78 1718
81 1719
78 1720
81 1721
78 1722
81 1723
78 1724
81 1725
78 1726
81 1727
78 1728
81 1729
78 1730
81 1731
78 1732
81 1733
78 1734
81 1735
78 1736
81 1737
78 1738
81 1739
79 1740
81 1741
79 1742
81 1743
79 1744
81 1745
79 1746
81 1747
79 1748
81 1749
79 1750
81 1751
79 1752
81 1753
79 1754
81 1755
79 1756
81 1757
79 1758
81 1759
79 1760
81 1761
79 1762
81 1763
79 1764
81 1765
79 1766
81 1767
79 1768
81 1769
79 1770
81 1771
79 1772
81 1773
79 1774
81 1775
79 1776
81 1777
79 1778
81 1779
79 1780
81 1781
79 1782
81 1783
79 1784
81 1785
79 1786
81 1787
79 1788
81 1789
79 1790
81 1791
79 1792
81 1793
79 1794
81 1795
79 1796
81 1797
79 1798
81 1799
79 1800
81 1801
79 1802
81 1803
79 1804
81 1805
79 1806
81 1807
79 1808
81 1809
79 1810
81 1811
79 1812
81 1813
79 1814
81 1815
79 1816
81 1817
79 1818
81 1819
79 1820
81 1821
79 1822
81 1823
79 1824
81 1825
79 1826
81 1827
79 1828
81 1829
79 1830
81 1831
79 1832
81 1833
79 1834
81 1835
79 1836
81 1837
79 1838
81 1839
79 1840
81 1841
79 1842
81 1843
79 1844
81 1845
79 1846
81 1847
79 1848
81 1849
79 1850
81 1851
79 1852
81 1853
79 1854
81 1855
79 1856
81 1857
79 1858
81 1859
79 1860
81 1861
79 1862
81 1863
79 1864
81 1865
79 1866
81 1867
79 1868
81 1869
79 1870
81 1871
79 1872
81 1873
79 1874
81 1875
79 1876
81 1877
79 1878
81 1879
79 1880
81 1881
79 1882
81 1883
79 1884
81 1885
79 1886
81 1887
79 1888
81 1889
79 1890
81 1891
79 1892
81 1893
79 1894
81 1895
79 1896
81 1897
79 1898
81 1899
79 1900
81 1901
79 1902
81 1903
79 1904
81 1905
79 1906
81 1907
79 1908
81 1909
79 1910
81 1911
79 1912
81 1913
79 1914
81 1915
79 1916
81 1917
79 1918
81 1919
79 1920
81 1921
79 1922
81 1923
79 1924
81 1925
79 1926
81 1927
79 1928
81 1929
79 1930
81 1931
79 1932
81 1933
79 1934
81 1935
79 1936
81 1937
79 1938
81 1939
79 1940
81 1941
79 1942
81 1943
79 1944
81 1945
79 1946
81 1947
79 1948
81 1949
79 1950
81 1951
79 1952
81 1953
79 1954
81 1955
79 1956
81 1957
79 1958
81 1959
79 1960
81 1961
79 1962
81 1963
79 1964
81 1965
79 1966
81 1967
79 1968
81 1969
79 1970
81 1971
79 1972
81 1973
79 1974
81 1975
79 1976
81 1977
79 1978
81 1979
79 1980
81 1981
79 1982
81 1983
79 1984
81 1985
79 1986
81 1987
79 1988
81 1989
79 1990
81 1991
79 1992
81 1993
79 1994
81 1995
79 1996
81 1997
79 1998
81 1999
79 2000
81 1225
