70 1
67 2
66 3
71 4
67 5
68 6
73 7
69 8
67 9
73 10
70 11
68 12
69 13
68 14
73 15
69 16
68 17
73 18
69 19
68 20
74 21
70 22
69 23
68 24
74 25
70 26
69 27
68 28
74 29
70 30
69 31
68 32
74 33
70 34
69 35
68 36
74 37
70 38
69 39
68 40
74 41
71 42
69 43
68 44
74 45
71 46
69 47
68 48
74 49
71 50
69 51
68 52
74 53
71 54
69 55
68 56
74 57
71 58
69 59
68 60
74 61
71 62
70 63
68 64
74 65
71 66
70 67
69 68
74 69
71 70
70 71
69 72
74 73
71 74
70 75
69 76
75 77
71 78
70 79
69 80
75 81
71 82
70 83
69 84
75 85
71 86
70 87
69 88
75 89
71 90
70 91
69 92
75 93
71 94
70 95
69 96
75 97
71 98
70 99
69 100
75 101
71 102
70 103
69 104
75 105
71 106
70 107
69 108
75 109
71 110
70 111
69 112
75 113
71 114
70 115
69 116
75 117
71 118
70 119
69 120
75 121
71 122
70 123
69 124
75 125
71 126
70 127
69 128
75 129
71 130
70 131
69 132
75 133
71 134
70 135
69 136
75 137
71 138
70 139
69 140
75 141
71 142
70 143
69 144
75 145
72 146
70 147
69 148
75 149
72 150
70 151
69 152
75 153
72 154
70 155
69 156
75 157
72 158
70 159
69 160
75 161
72 162
70 163
69 164
75 165
72 166
70 167
69 168
75 169
72 170
70 171
69 172
75 173
72 174
70 175
69 176
75 177
72 178
70 179
69 180
75 181
72 182
70 183
69 184
75 185
72 186
70 187
69 188
75 189
72 190
70 191
69 192
75 193
72 194
71 195
69 196
75 197
72 198
71 199
69 200
75 201
72 202
71 203
70 204
75 205
72 206
71 207
70 208
75 209
72 210
71 211
70 212
75 213
72 214
71 215
70 216
75 217
72 218
71 219
70 220
75 221
72 222
71 223
70 224
75 225
72 226
71 227
70 228
75 229
72 230
71 231
70 232
76 233
72 234
71 235
70 236
76 237
72 238
71 239
70 240
76 241
72 242
71 243
70 244
76 245
72 246
71 247
70 248
76 249
72 250
71 251
70 252
76 253
72 254
71 255
70 256
76 257
72 258
71 259
70 260
76 261
72 262
71 263
70 264
76 265
72 266
71 267
70 268
76 269
72 270
71 271
70 272
76 273
72 274
71 275
70 276
76 277
72 278
71 279
70 280
76 281
72 282
71 283
70 284
76 285
72 286
71 287
70 288
76 289
72 290
71 291
70 292
76 293
72 294
71 295
70 296
76 297
72 298
71 299
70 300
76 301
72 302
71 303
70 304
76 305
72 306
71 307
70 308
76 309
72 310
71 311
70 312
76 313
72 314
71 315
70 316
76 317
72 318
71 319
70 320
76 321
72 322
71 323
70 324
76 325
72 326
71 327
70 328
76 329
72 330
71 331
70 332
76 333
72 334
71 335
70 336
76 337
72 338
71 339
70 340
76 341
72 342
71 343
70 344
76 345
72 346
71 347
70 348
76 349
72 350
71 351
70 352
76 353
72 354
71 355
70 356
76 357
72 358
71 359
70 360
76 361
72 362
71 363
70 364
76 365
72 366
71 367
70 368
76 369
72 370
71 371
70 372
76 373
72 374
71 375
70 376
76 377
72 378
71 379
70 380
76 381
72 382
71 383
70 384
76 385
73 386
71 387
70 388
76 389
73 390
71 391
70 392
76 393
73 394
71 395
70 396
76 397
73 398
71 399
70 400
76 401
73 402
71 403
70 404
76 405
73 406
71 407
70 408
76 409
73 410
71 411
70 412
76 413
73 414
71 415
70 416
76 417
73 418
71 419
70 420
76 421
73 422
71 423
70 424
76 425
73 426
71 427
70 428
76 429
73 430
71 431
70 432
76 433
73 434
71 435
70 436
76 437
73 438
71 439
70 440
76 441
73 442
71 443
70 444
76 445
73 446
71 447
70 448
76 449
73 450
71 451
70 452
76 453
73 454
71 455
70 456
76 457
73 458
71 459
70 460
76 461
73 462
71 463
70 464
76 465
73 466
71 467
70 468
76 469
73 470
71 471
70 472
76 473
73 474
71 475
70 476
76 477
73 478
71 479
70 480
76 481
73 482
71 483
70 484
76 485
73 486
71 487
70 488
76 489
73 490
71 491
70 492
76 493
73 494
71 495
70 496
76 497
73 498
71 499
70 500
76 501
73 502
72 503
70 504
76 505
73 506
72 507
70 508
76 509
73 510
72 511
70 512
76 513
73 514
72 515
70 516
76 517
73 518
72 519
70 520
76 521
73 522
72 523
70 524
76 525
73 526
72 527
70 528
76 529
73 530
72 531
71 532
76 533
73 534
72 535
71 536
76 537
73 538
72 539
71 540
76 541
73 542
72 543
71 544
76 545
73 546
72 547
71 548
76 549
73 550
72 551
71 552
76 553
73 554
72 555
71 556
76 557
73 558
72 559
71 560
76 561
73 562
72 563
71 564
76 565
73 566
72 567
71 568
76 569
73 570
72 571
71 572
76 573
73 574
72 575
71 576
76 577
73 578
72 579
71 580
76 581
73 582
72 583
71 584
76 585
73 586
72 587
71 588
76 589
73 590
72 591
71 592
76 593
73 594
72 595
71 596
77 597
73 598
72 599
71 600
77 601
73 602
72 603
71 604
77 605
73 606
72 607
71 608
77 609
73 610
72 611
71 612
77 613
73 614
72 615
71 616
77 617
73 618
72 619
71 620
77 621
73 622
72 623
71 624
77 625
73 626
72 627
71 628
77 629
73 630
72 631
71 632
77 633
73 634
72 635
71 636
77 637
73 638
72 639
71 640
77 641
73 642
72 643
71 644
77 645
73 646
72 647
71 648
77 649
73 650
72 651
71 652
77 653
73 654
72 655
71 656
77 657
73 658
72 659
71 660
77 661
73 662
72 663
71 664
77 665
73 666
72 667
71 668
77 669
73 670
72 671
71 672
77 673
73 674
72 675
71 676
77 677
73 678
72 679
71 680
77 681
73 682
72 683
71 684
77 685
73 686
72 687
71 688
77 689
73 690
72 691
71 692
77 693
73 694
72 695
71 696
77 697
73 698
72 699
71 700
77 701
73 702
72 703
71 704
77 705
73 706
72 707
71 708
77 709
73 710
72 711
71 712
77 713
73 714
72 715
71 716
77 717
73 718
72 719
71 720
77 721
73 722
72 723
71 724
77 725
73 726
72 727
71 728
77 729
73 730
72 731
71 732
77 733
73 734
72 735
71 736
77 737
73 738
72 739
71 740
77 741
73 742
72 743
71 744
77 745
73 746
72 747
71 748
77 749
73 750
72 751
71 752
77 753
73 754
72 755
71 756
77 757
73 758
72 759
71 760
77 761
73 762
72 763
71 764
77 765
73 766
72 767
71 768
77 769
73 770
72 771
71 772
77 773
73 774
72 775
71 776
77 777
73 778
72 779
71 780
77 781
73 782
72 783
71 784
77 785
73 786
72 787
71 788
77 789
73 790
72 791
71 792
77 793
73 794
72 795
71 796
77 797
73 798
72 799
71 800
77 801
73 802
72 803
71 804
77 805
73 806
72 807
71 808
77 809
73 810
72 811
71 812
77 813
73 814
72 815
71 816
77 817
73 818
72 819
71 820
77 821
73 822
72 823
71 824
77 825
73 826
72 827
71 828
77 829
73 830
72 831
71 832
77 833
73 834
72 835
71 836
77 837
73 838
72 839
71 840
77 841
73 842
72 843
71 844
77 845
73 846
72 847
71 848
77 849
73 850
72 851
71 852
77 853
73 854
72 855
71 856
77 857
73 858
72 859
71 860
77 861
73 862
72 863
71 864
77 865
73 866
72 867
71 868
77 869
73 870
72 871
71 872
77 873
73 874
72 875
71 876
77 877
73 878
72 879
71 880
77 881
73 882
72 883
71 884
77 885
73 886
72 887
71 888
77 889
73 890
72 891
71 892
77 893
73 894
72 895
71 896
77 897
73 898
72 899
71 900
77 901
73 902
72 903
71 904
77 905
73 906
72 907
71 908
77 909
73 910
72 911
71 912
77 913
73 914
72 915
71 916
77 917
73 918
72 919
71 920
77 921
73 922
72 923
71 924
77 925
73 926
72 927
71 928
77 929
73 930
72 931
71 932
77 933
73 934
72 935
71 936
77 937
73 938
72 939
71 940
77 941
73 942
72 943
71 944
77 945
73 946
72 947
71 948
77 949
73 950
72 951
71 952
77 953
74 954
72 955
71 956
77 957
74 958
72 959
71 960
77 961
74 962
72 963
71 964
77 965
74 966
72 967
71 968
77 969
74 970
72 971
71 972
77 973
74 974
72 975
71 976
77 977
74 978
72 979
71 980
77 981
74 982
72 983
71 984
77 985
74 986
72 987
71 988
77 989
74 990
72 991
71 992
77 993
74 994
72 995
71 996
77 997
74 998
72 999
71 1000
77 1001
74 1002
72 1003
71 1004
77 1005
74 1006
72 1007
71 1008
77 1009
74 1010
72 1011
71 1012
77 1013
74 1014
72 1015
71 1016
77 1017
74 1018
72 1019
71 1020
77 1021
74 1022
72 1023
71 1024
77 1025
74 1026
72 1027
71 1028
77 1029
74 1030
72 1031
71 1032
77 1033
74 1034
72 1035
71 1036
77 1037
74 1038
72 1039
71 1040
77 1041
74 1042
72 1043
71 1044
77 1045
74 1046
72 1047
71 1048
77 1049
74 1050
72 1051
71 1052
77 1053
74 1054
72 1055
71 1056
77 1057
74 1058
72 1059
71 1060
77 1061
74 1062
72 1063
71 1064
77 1065
74 1066
72 1067
71 1068
77 1069
74 1070
72 1071
71 1072
77 1073
74 1074
72 1075
71 1076
77 1077
74 1078
72 1079
71 1080
77 1081
74 1082
72 1083
71 1084
77 1085
74 1086
72 1087
71 1088
77 1089
74 1090
72 1091
71 1092
77 1093
74 1094
72 1095
71 1096
77 1097
74 1098
72 1099
71 1100
77 1101
74 1102
72 1103
71 1104
77 1105
74 1106
72 1107
71 1108
77 1109
74 1110
72 1111
71 1112
77 1113
74 1114
72 1115
71 1116
77 1117
74 1118
72 1119
71 1120
77 1121
74 1122
72 1123
71 1124
77 1125
74 1126
72 1127
71 1128
77 1129
74 1130
72 1131
71 1132
77 1133
74 1134
72 1135
71 1136
77 1137
74 1138
72 1139
71 1140
77 1141
74 1142
72 1143
71 1144
77 1145
74 1146
72 1147
71 1148
77 1149
74 1150
72 1151
71 1152
77 1153
74 1154
72 1155
71 1156
77 1157
74 1158
72 1159
71 1160
77 1161
74 1162
72 1163
71 1164
77 1165
74 1166
72 1167
71 1168
77 1169
74 1170
72 1171
71 1172
77 1173
74 1174
72 1175
71 1176
77 1177
74 1178
72 1179
71 1180
77 1181
74 1182
72 1183
71 1184
77 1185
74 1186
72 1187
71 1188
77 1189
74 1190
72 1191
71 1192
77 1193
74 1194
72 1195
71 1196
77 1197
74 1198
72 1199
71 1200
77 1201
74 1202
72 1203
71 1204
77 1205
74 1206
72 1207
71 1208
77 1209
74 1210
72 1211
71 1212
77 1213
74 1214
72 1215
71 1216
77 1217
74 1218
72 1219
71 1220
77 1221
74 1222
73 1223
71 1224
77 1225
74 1226
73 1227
71 1228
77 1229
74 1230
73 1231
71 1232
77 1233
74 1234
73 1235
71 1236
77 1237
74 1238
73 1239
71 1240
77 1241
74 1242
73 1243
71 1244
77 1245
74 1246
73 1247
71 1248
77 1249
74 1250
73 1251
71 1252
77 1253
74 1254
73 1255
71 1256
77 1257
74 1258
73 1259
71 1260
77 1261
74 1262
73 1263
71 1264
77 1265
74 1266
73 1267
71 1268
77 1269
74 1270
73 1271
71 1272
77 1273
74 1274
73 1275
71 1276
77 1277
74 1278
73 1279
71 1280
77 1281
74 1282
73 1283
71 1284
77 1285
74 1286
73 1287
72 1288
77 1289
74 1290
73 1291
72 1292
77 1293
74 1294
73 1295
72 1296
77 1297
74 1298
73 1299
72 1300
77 1301
74 1302
73 1303
72 1304
77 1305
74 1306
73 1307
72 1308
77 1309
74 1310
73 1311
72 1312
77 1313
74 1314
73 1315
72 1316
77 1317
74 1318
73 1319
72 1320
77 1321
74 1322
73 1323
72 1324
77 1325
74 1326
73 1327
72 1328
77 1329
74 1330
73 1331
72 1332
77 1333
74 1334
73 1335
72 1336
77 1337
74 1338
73 1339
72 1340
77 1341
74 1342
73 1343
72 1344
77 1345
74 1346
73 1347
72 1348
77 1349
74 1350
73 1351
72 1352
77 1353
74 1354
73 1355
72 1356
77 1357
74 1358
73 1359
72 1360
77 1361
74 1362
73 1363
72 1364
77 1365
74 1366
73 1367
72 1368
77 1369
74 1370
73 1371
72 1372
77 1373
74 1374
73 1375
72 1376
77 1377
74 1378
73 1379
72 1380
77 1381
74 1382
73 1383
72 1384
77 1385
74 1386
73 1387
72 1388
77 1389
74 1390
73 1391
72 1392
77 1393
74 1394
73 1395
72 1396
77 1397
74 1398
73 1399
72 1400
77 1401
74 1402
73 1403
72 1404
77 1405
74 1406
73 1407
72 1408
77 1409
74 1410
73 1411
72 1412
77 1413
74 1414
73 1415
72 1416
77 1417
74 1418
73 1419
72 1420
77 1421
74 1422
73 1423
72 1424
77 1425
74 1426
73 1427
72 1428
77 1429
74 1430
73 1431
72 1432
77 1433
74 1434
73 1435
72 1436
77 1437
74 1438
73 1439
72 1440
77 1441
74 1442
73 1443
72 1444
77 1445
74 1446
73 1447
72 1448
78 1449
74 1450
73 1451
72 1452
78 1453
74 1454
73 1455
72 1456
78 1457
74 1458
73 1459
72 1460
78 1461
74 1462
73 1463
72 1464
78 1465
74 1466
73 1467
72 1468
78 1469
74 1470
73 1471
72 1472
78 1473
74 1474
73 1475
72 1476
78 1477
74 1478
73 1479
72 1480
78 1481
74 1482
73 1483
72 1484
78 1485
74 1486
73 1487
72 1488
78 1489
74 1490
73 1491
72 1492
78 1493
74 1494
73 1495
72 1496
78 1497
74 1498
73 1499
72 1500
78 1501
74 1502
73 1503
72 1504
78 1505
74 1506
73 1507
72 1508
78 1509
74 1510
73 1511
72 1512
78 1513
74 1514
73 1515
72 1516
78 1517
74 1518
73 1519
72 1520
78 1521
74 1522
73 1523
72 1524
78 1525
74 1526
73 1527
72 1528
78 1529
74 1530
73 1531
72 1532
78 1533
74 1534
73 1535
72 1536
78 1537
74 1538
73 1539
72 1540
78 1541
74 1542
73 1543
72 1544
78 1545
74 1546
73 1547
72 1548
78 1549
74 1550
73 1551
72 1552
78 1553
74 1554
73 1555
72 1556
78 1557
74 1558
73 1559
72 1560
78 1561
74 1562
73 1563
72 1564
78 1565
74 1566
73 1567
72 1568
78 1569
74 1570
73 1571
72 1572
78 1573
74 1574
73 1575
72 1576
78 1577
74 1578
73 1579
72 1580
78 1581
74 1582
73 1583
72 1584
78 1585
74 1586
73 1587
72 1588
78 1589
74 1590
73 1591
72 1592
78 1593
74 1594
73 1595
72 1596
78 1597
74 1598
73 1599
72 1600
78 1601
74 1602
73 1603
72 1604
78 1605
74 1606
73 1607
72 1608
78 1609
74 1610
73 1611
72 1612
78 1613
74 1614
73 1615
72 1616
78 1617
74 1618
73 1619
72 1620
78 1621
74 1622
73 1623
72 1624
78 1625
74 1626
73 1627
72 1628
78 1629
74 1630
73 1631
72 1632
78 1633
74 1634
73 1635
72 1636
78 1637
74 1638
73 1639
72 1640
78 1641
74 1642
73 1643
72 1644
78 1645
74 1646
73 1647
72 1648
78 1649
74 1650
73 1651
72 1652
78 1653
74 1654
73 1655
72 1656
78 1657
74 1658
73 1659
72 1660
78 1661
74 1662
73 1663
72 1664
78 1665
74 1666
73 1667
72 1668
78 1669
74 1670
73 1671
72 1672
78 1673
74 1674
73 1675
72 1676
78 1677
74 1678
73 1679
72 1680
78 1681
74 1682
73 1683
72 1684
78 1685
74 1686
73 1687
72 1688
78 1689
74 1690
73 1691
72 1692
78 1693
74 1694
73 1695
72 1696
78 1697
74 1698
73 1699
72 1700
78 1701
74 1702
73 1703
72 1704
78 1705
74 1706
73 1707
72 1708
78 1709
74 1710
73 1711
72 1712
78 1713
74 1714
73 1715
72 1716
78 1717
74 1718
73 1719
72 1720
78 1721
74 1722
73 1723
72 1724
78 1725
74 1726
73 1727
72 1728
78 1729
74 1730
73 1731
72 1732
78 1733
74 1734
73 1735
72 1736
78 1737
74 1738
73 1739
72 1740
78 1741
74 1742
73 1743
72 1744
78 1745
74 1746
73 1747
72 1748
78 1749
74 1750
73 1751
72 1752
78 1753
74 1754
73 1755
72 1756
78 1757
74 1758
73 1759
72 1760
78 1761
74 1762
73 1763
72 1764
78 1765
74 1766
73 1767
72 1768
78 1769
74 1770
73 1771
72 1772
78 1773
74 1774
73 1775
72 1776
78 1777
74 1778
73 1779
72 1780
78 1781
74 1782
73 1783
72 1784
78 1785
74 1786
73 1787
72 1788
78 1789
74 1790
73 1791
72 1792
78 1793
74 1794
73 1795
72 1796
78 1797
74 1798
73 1799
72 1800
78 1801
74 1802
73 1803
72 1804
78 1805
74 1806
73 1807
72 1808
78 1809
74 1810
73 1811
72 1812
78 1813
74 1814
73 1815
72 1816
78 1817
74 1818
73 1819
72 1820
78 1821
74 1822
73 1823
72 1824
78 1825
74 1826
73 1827
72 1828
78 1829
74 1830
73 1831
72 1832
78 1833
74 1834
73 1835
72 1836
78 1837
74 1838
73 1839
72 1840
78 1841
74 1842
73 1843
72 1844
78 1845
74 1846
73 1847
72 1848
78 1849
74 1850
73 1851
72 1852
78 1853
74 1854
73 1855
72 1856
78 1857
74 1858
73 1859
72 1860
78 1861
74 1862
73 1863
72 1864
78 1865
74 1866
73 1867
72 1868
78 1869
74 1870
73 1871
72 1872
78 1873
74 1874
73 1875
72 1876
78 1877
74 1878
73 1879
72 1880
78 1881
74 1882
73 1883
72 1884
78 1885
74 1886
73 1887
72 1888
78 1889
74 1890
73 1891
72 1892
78 1893
74 1894
73 1895
72 1896
78 1897
74 1898
73 1899
72 1900
78 1901
74 1902
73 1903
72 1904
78 1905
74 1906
73 1907
72 1908
78 1909
74 1910
73 1911
72 1912
78 1913
74 1914
73 1915
72 1916
78 1917
74 1918
73 1919
72 1920
78 1921
74 1922
73 1923
72 1924
78 1925
74 1926
73 1927
72 1928
78 1929
74 1930
73 1931
72 1932
78 1933
74 1934
73 1935
72 1936
78 1937
74 1938
73 1939
72 1940
78 1941
74 1942
73 1943
72 1944
78 1945
74 1946
73 1947
72 1948
78 1949
74 1950
73 1951
72 1952
78 1953
74 1954
73 1955
72 1956
78 1957
74 1958
73 1959
72 1960
78 1961
74 1962
73 1963
72 1964
78 1965
74 1966
73 1967
72 1968
78 1969
74 1970
73 1971
72 1972
78 1973
74 1974
73 1975
72 1976
78 1977
74 1978
73 1979
72 1980
78 1981
74 1982
73 1983
72 1984
78 1985
74 1986
73 1987
72 1988
78 1989
74 1990
73 1991
72 1992
78 1993
74 1994
73 1995
72 1996
78 1997
74 1998
73 1999
72 2000
78 1449
