7 1
4 2
7 3
5 4
8 5
5 6
8 7
6 8
9 9
11 10
8 11
10 12
8 13
10 14
11 15
11 16
9 17
9 18
12 19
12 20
9 21
9 22
9 23
12 24
10 25
10 26
10 27
13 28
10 29
13 30
10 31
13 32
10 33
13 34
10 35
13 36
10 37
13 38
10 39
13 40
11 41
13 42
13 43
11 44
11 45
14 46
11 47
14 48
11 49
11 50
14 51
11 52
14 53
11 54
14 55
11 56
14 57
12 58
14 59
12 60
14 61
12 62
14 63
12 64
14 65
11 66
14 67
12 68
14 69
12 70
14 71
12 72
12 73
14 74
12 75
14 76
12 77
14 78
12 79
15 80
12 81
15 82
12 83
15 84
12 85
15 86
12 87
15 88
12 89
15 90
12 91
15 92
12 93
15 94
12 95
15 96
12 97
15 98
12 99
15 100
12 101
15 102
12 103
15 104
12 105
15 106
12 107
15 108
12 109
15 110
12 111
15 112
15 113
12 114
12 115
15 116
12 117
15 118
12 119
15 120
12 121
15 122
12 123
15 124
15 125
13 126
15 127
15 128
13 129
15 130
13 131
15 132
13 133
15 134
13 135
15 136
13 137
15 138
13 139
15 140
13 141
15 142
13 143
15 144
13 145
15 146
13 147
15 148
13 149
13 150
15 151
13 152
15 153
13 154
13 155
15 156
13 157
15 158
13 159
13 160
16 161
13 162
16 163
13 164
13 165
16 166
16 167
16 168
13 169
13 170
16 171
16 172
13 173
16 174
13 175
16 176
16 177
13 178
16 179
13 180
16 181
16 182
13 183
16 184
13 185
16 186
16 187
16 188
13 189
13 190
16 191
16 192
16 193
13 194
13 195
16 196
16 197
16 198
13 199
16 200
13 201
13 202
13 203
16 204
16 205
13 206
13 207
13 208
16 209
13 210
16 211
16 212
13 213
16 214
13 215
16 216
16 217
16 218
13 219
13 220
16 221
16 222
16 223
13 224
16 225
13 226
13 227
16 228
13 229
16 230
13 231
13 232
13 233
16 234
16 235
13 236
13 237
13 238
16 239
13 240
16 241
16 242
14 243
16 244
14 245
16 246
16 247
16 248
14 249
16 250
14 251
14 252
16 253
14 254
16 255
14 256
14 257
14 258
16 259
16 260
14 261
14 262
14 263
16 264
14 265
16 266
16 267
14 268
16 269
14 270
16 271
16 272
16 273
14 274
14 275
16 276
16 277
16 278
14 279
16 280
14 281
14 282
14 283
16 284
16 285
14 286
14 287
14 288
16 289
14 290
17 291
17 292
14 293
17 294
14 295
17 296
17 297
17 298
14 299
14 300
17 301
17 302
17 303
14 304
17 305
14 306
14 307
17 308
14 309
17 310
14 311
14 312
14 313
17 314
17 315
14 316
14 317
14 318
17 319
14 320
17 321
17 322
14 323
17 324
14 325
17 326
17 327
17 328
14 329
14 330
17 331
17 332
17 333
14 334
17 335
14 336
14 337
17 338
14 339
17 340
14 341
14 342
14 343
17 344
17 345
14 346
14 347
14 348
17 349
14 350
17 351
17 352
14 353
14 354
17 355
14 356
14 357
14 358
17 359
17 360
14 361
14 362
14 363
14 364
14 365
14 366
17 367
17 368
14 369
14 370
14 371
17 372
14 373
17 374
17 375
17 376
14 377
14 378
17 379
17 380
17 381
14 382
17 383
14 384
14 385
17 386
14 387
17 388
14 389
14 390
14 391
17 392
14 393
17 394
17 395
14 396
17 397
14 398
17 399
14 400
17 401
14 402
14 403
14 404
14 405
14 406
17 407
17 408
17 409
14 410
14 411
17 412
17 413
17 414
14 415
14 416
17 417
17 418
17 419
14 420
14 421
17 422
14 423
17 424
14 425
14 426
17 427
14 428
17 429
15 430
15 431
17 432
15 433
17 434
15 435
15 436
17 437
15 438
17 439
15 440
15 441
17 442
15 443
17 444
15 445
15 446
17 447
15 448
17 449
15 450
15 451
15 452
17 453
17 454
15 455
15 456
15 457
17 458
15 459
17 460
17 461
17 462
15 463
15 464
15 465
15 466
15 467
17 468
15 469
17 470
15 471
17 472
15 473
15 474
15 475
17 476
17 477
15 478
15 479
15 480
17 481
15 482
17 483
17 484
17 485
15 486
17 487
15 488
15 489
17 490
15 491
17 492
15 493
15 494
15 495
18 496
18 497
15 498
15 499
15 500
18 501
18 502
15 503
15 504
15 505
18 506
15 507
18 508
18 509
15 510
18 511
15 512
18 513
18 514
15 515
18 516
15 517
18 518
18 519
18 520
15 521
15 522
18 523
15 524
15 525
18 526
18 527
15 528
18 529
15 530
18 531
18 532
18 533
15 534
15 535
18 536
18 537
18 538
15 539
15 540
18 541
18 542
18 543
15 544
18 545
15 546
15 547
18 548
15 549
15 550
15 551
18 552
18 553
15 554
18 555
18 556
15 557
15 558
15 559
18 560
18 561
15 562
18 563
15 564
15 565
18 566
15 567
18 568
15 569
18 570
18 571
15 572
15 573
15 574
15 575
15 576
18 577
18 578
18 579
15 580
15 581
18 582
18 583
18 584
15 585
18 586
15 587
15 588
18 589
15 590
18 591
15 592
15 593
15 594
15 595
18 596
15 597
15 598
15 599
18 600
15 601
18 602
18 603
15 604
18 605
15 606
18 607
18 608
18 609
15 610
18 611
15 612
15 613
15 614
18 615
18 616
15 617
15 618
15 619
18 620
15 621
18 622
18 623
18 624
15 625
18 626
15 627
15 628
15 629
18 630
18 631
15 632
15 633
15 634
18 635
15 636
18 637
18 638
18 639
15 640
18 641
15 642
15 643
18 644
15 645
18 646
15 647
15 648
15 649
18 650
15 651
18 652
18 653
18 654
15 655
15 656
18 657
18 658
18 659
15 660
18 661
15 662
15 663
15 664
18 665
15 666
18 667
18 668
15 669
18 670
15 671
18 672
18 673
18 674
15 675
18 676
16 677
16 678
16 679
18 680
18 681
16 682
16 683
16 684
18 685
16 686
18 687
18 688
18 689
16 690
16 691
16 692
18 693
18 694
16 695
16 696
16 697
18 698
18 699
16 700
16 701
16 702
18 703
16 704
18 705
18 706
18 707
16 708
16 709
16 710
16 711
18 712
16 713
18 714
16 715
16 716
16 717
18 718
18 719
16 720
18 721
16 722
18 723
18 724
18 725
16 726
16 727
18 728
18 729
18 730
16 731
18 732
16 733
16 734
18 735
16 736
18 737
16 738
16 739
16 740
18 741
18 742
16 743
16 744
16 745
18 746
16 747
18 748
18 749
16 750
18 751
16 752
18 753
18 754
18 755
16 756
16 757
18 758
16 759
16 760
18 761
16 762
18 763
18 764
16 765
18 766
18 767
16 768
16 769
18 770
16 771
18 772
16 773
16 774
18 775
16 776
16 777
16 778
18 779
18 780
16 781
16 782
18 783
16 784
16 785
18 786
18 787
16 788
18 789
16 790
18 791
18 792
18 793
16 794
18 795
16 796
16 797
16 798
18 799
16 800
18 801
18 802
18 803
16 804
18 805
16 806
16 807
16 808
18 809
16 810
19 811
19 812
19 813
16 814
19 815
16 816
16 817
19 818
16 819
19 820
16 821
16 822
16 823
19 824
16 825
19 826
19 827
16 828
19 829
16 830
19 831
19 832
19 833
16 834
19 835
16 836
16 837
19 838
16 839
19 840
16 841
16 842
16 843
19 844
19 845
16 846
16 847
16 848
19 849
16 850
19 851
19 852
19 853
16 854
16 855
19 856
19 857
19 858
16 859
19 860
16 861
16 862
19 863
16 864
19 865
16 866
16 867
16 868
19 869
16 870
19 871
19 872
16 873
19 874
16 875
19 876
19 877
19 878
16 879
16 880
19 881
19 882
19 883
19 884
19 885
16 886
16 887
16 888
19 889
16 890
19 891
19 892
19 893
16 894
16 895
16 896
19 897
16 898
19 899
19 900
19 901
16 902
19 903
16 904
16 905
19 906
16 907
19 908
16 909
16 910
16 911
19 912
19 913
16 914
16 915
16 916
19 917
16 918
19 919
19 920
19 921
16 922
16 923
19 924
19 925
19 926
16 927
19 928
16 929
16 930
19 931
16 932
19 933
16 934
16 935
16 936
19 937
16 938
19 939
19 940
16 941
19 942
16 943
19 944
19 945
19 946
16 947
19 948
16 949
16 950
19 951
16 952
19 953
16 954
16 955
16 956
19 957
16 958
19 959
19 960
19 961
16 962
16 963
19 964
19 965
19 966
16 967
19 968
16 969
16 970
16 971
19 972
19 973
16 974
16 975
16 976
19 977
16 978
19 979
19 980
19 981
16 982
19 983
16 984
19 985
19 986
16 987
16 988
19 989
16 990
16 991
19 992
19 993
19 994
16 995
19 996
16 997
16 998
16 999
19 1000
16 1001
19 1002
19 1003
16 1004
16 1005
19 1006
16 1007
16 1008
19 1009
16 1010
19 1011
16 1012
16 1013
16 1014
19 1015
16 1016
19 1017
19 1018
16 1019
19 1020
16 1021
19 1022
19 1023
19 1024
16 1025
19 1026
16 1027
16 1028
16 1029
19 1030
16 1031
19 1032
19 1033
19 1034
16 1035
16 1036
16 1037
19 1038
16 1039
19 1040
19 1041
16 1042
19 1043
16 1044
19 1045
19 1046
19 1047
16 1048
19 1049
16 1050
16 1051
19 1052
16 1053
19 1054
16 1055
16 1056
16 1057
19 1058
16 1059
19 1060
19 1061
16 1062
19 1063
16 1064
19 1065
19 1066
19 1067
16 1068
19 1069
16 1070
16 1071
16 1072
19 1073
16 1074
19 1075
19 1076
19 1077
16 1078
19 1079
19 1080
19 1081
19 1082
16 1083
19 1084
16 1085
16 1086
19 1087
16 1088
19 1089
16 1090
16 1091
16 1092
19 1093
16 1094
19 1095
19 1096
19 1097
16 1098
19 1099
16 1100
16 1101
19 1102
16 1103
19 1104
16 1105
16 1106
16 1107
19 1108
16 1109
19 1110
19 1111
19 1112
16 1113
19 1114
16 1115
16 1116
19 1117
16 1118
19 1119
16 1120
17 1121
17 1122
19 1123
17 1124
19 1125
19 1126
19 1127
17 1128
19 1129
17 1130
17 1131
19 1132
17 1133
19 1134
17 1135
17 1136
17 1137
19 1138
17 1139
19 1140
19 1141
19 1142
17 1143
19 1144
17 1145
17 1146
19 1147
17 1148
19 1149
17 1150
19 1151
17 1152
19 1153
19 1154
19 1155
17 1156
19 1157
17 1158
19 1159
19 1160
17 1161
19 1162
17 1163
19 1164
17 1165
19 1166
17 1167
19 1168
17 1169
17 1170
19 1171
19 1172
19 1173
17 1174
17 1175
19 1176
19 1177
19 1178
17 1179
19 1180
17 1181
17 1182
19 1183
17 1184
19 1185
17 1186
17 1187
17 1188
19 1189
17 1190
19 1191
19 1192
19 1193
17 1194
17 1195
19 1196
19 1197
19 1198
17 1199
19 1200
17 1201
17 1202
17 1203
19 1204
17 1205
19 1206
19 1207
17 1208
19 1209
17 1210
19 1211
19 1212
19 1213
17 1214
19 1215
17 1216
17 1217
17 1218
19 1219
19 1220
17 1221
17 1222
17 1223
19 1224
17 1225
19 1226
19 1227
19 1228
17 1229
19 1230
17 1231
17 1232
19 1233
17 1234
19 1235
17 1236
17 1237
17 1238
19 1239
17 1240
19 1241
19 1242
19 1243
17 1244
17 1245
19 1246
17 1247
19 1248
17 1249
17 1250
17 1251
19 1252
17 1253
19 1254
17 1255
17 1256
19 1257
17 1258
19 1259
19 1260
19 1261
17 1262
17 1263
19 1264
19 1265
19 1266
17 1267
19 1268
17 1269
17 1270
17 1271
19 1272
17 1273
19 1274
19 1275
17 1276
19 1277
17 1278
19 1279
19 1280
19 1281
17 1282
19 1283
17 1284
17 1285
17 1286
19 1287
17 1288
19 1289
19 1290
19 1291
17 1292
17 1293
19 1294
17 1295
19 1296
17 1297
19 1298
17 1299
17 1300
17 1301
19 1302
19 1303
17 1304
17 1305
17 1306
19 1307
17 1308
19 1309
19 1310
19 1311
17 1312
17 1313
19 1314
19 1315
19 1316
17 1317
19 1318
17 1319
17 1320
19 1321
17 1322
19 1323
17 1324
19 1325
19 1326
17 1327
17 1328
17 1329
19 1330
17 1331
19 1332
19 1333
17 1334
19 1335
17 1336
19 1337
19 1338
17 1339
19 1340
17 1341
19 1342
19 1343
19 1344
17 1345
17 1346
19 1347
19 1348
19 1349
17 1350
19 1351
17 1352
17 1353
17 1354
19 1355
19 1356
17 1357
17 1358
17 1359
19 1360
17 1361
19 1362
19 1363
17 1364
19 1365
17 1366
19 1367
19 1368
19 1369
17 1370
17 1371
19 1372
19 1373
19 1374
20 1375
17 1376
20 1377
20 1378
17 1379
17 1380
17 1381
20 1382
20 1383
20 1384
17 1385
20 1386
17 1387
17 1388
20 1389
20 1390
17 1391
20 1392
20 1393
17 1394
20 1395
17 1396
20 1397
20 1398
20 1399
17 1400
17 1401
20 1402
20 1403
20 1404
17 1405
20 1406
17 1407
17 1408
20 1409
17 1410
20 1411
17 1412
17 1413
17 1414
20 1415
20 1416
17 1417
17 1418
17 1419
20 1420
17 1421
20 1422
20 1423
17 1424
20 1425
20 1426
20 1427
17 1428
20 1429
17 1430
17 1431
20 1432
17 1433
20 1434
17 1435
17 1436
17 1437
20 1438
20 1439
17 1440
17 1441
17 1442
20 1443
17 1444
20 1445
20 1446
17 1447
20 1448
17 1449
20 1450
20 1451
20 1452
17 1453
17 1454
20 1455
20 1456
20 1457
17 1458
20 1459
17 1460
17 1461
20 1462
17 1463
20 1464
17 1465
17 1466
17 1467
20 1468
20 1469
17 1470
17 1471
17 1472
20 1473
17 1474
20 1475
20 1476
17 1477
20 1478
17 1479
20 1480
20 1481
20 1482
17 1483
17 1484
20 1485
20 1486
20 1487
17 1488
20 1489
17 1490
17 1491
20 1492
17 1493
20 1494
17 1495
17 1496
17 1497
20 1498
20 1499
17 1500
17 1501
17 1502
20 1503
17 1504
20 1505
20 1506
17 1507
20 1508
17 1509
20 1510
20 1511
20 1512
17 1513
17 1514
17 1515
17 1516
17 1517
20 1518
17 1519
20 1520
20 1521
17 1522
20 1523
17 1524
20 1525
20 1526
20 1527
17 1528
17 1529
20 1530
20 1531
20 1532
17 1533
20 1534
17 1535
17 1536
17 1537
20 1538
20 1539
17 1540
17 1541
17 1542
20 1543
17 1544
20 1545
20 1546
17 1547
20 1548
17 1549
20 1550
20 1551
20 1552
17 1553
20 1554
17 1555
17 1556
20 1557
17 1558
20 1559
17 1560
17 1561
17 1562
20 1563
20 1564
17 1565
17 1566
17 1567
20 1568
17 1569
20 1570
20 1571
20 1572
17 1573
17 1574
17 1575
17 1576
20 1577
17 1578
20 1579
17 1580
20 1581
17 1582
20 1583
20 1584
17 1585
20 1586
17 1587
20 1588
20 1589
20 1590
17 1591
17 1592
20 1593
20 1594
20 1595
17 1596
20 1597
17 1598
17 1599
20 1600
17 1601
20 1602
17 1603
17 1604
17 1605
20 1606
20 1607
17 1608
20 1609
17 1610
20 1611
17 1612
20 1613
20 1614
17 1615
20 1616
17 1617
20 1618
20 1619
20 1620
17 1621
20 1622
17 1623
17 1624
20 1625
17 1626
20 1627
17 1628
17 1629
17 1630
20 1631
20 1632
17 1633
17 1634
17 1635
20 1636
17 1637
20 1638
20 1639
20 1640
17 1641
17 1642
20 1643
20 1644
20 1645
17 1646
17 1647
17 1648
20 1649
20 1650
17 1651
17 1652
17 1653
20 1654
17 1655
20 1656
20 1657
20 1658
17 1659
17 1660
20 1661
20 1662
20 1663
17 1664
20 1665
17 1666
17 1667
20 1668
17 1669
20 1670
17 1671
17 1672
17 1673
20 1674
17 1675
20 1676
20 1677
17 1678
17 1679
17 1680
20 1681
20 1682
20 1683
17 1684
17 1685
20 1686
20 1687
20 1688
17 1689
20 1690
17 1691
17 1692
17 1693
20 1694
17 1695
20 1696
20 1697
20 1698
17 1699
17 1700
20 1701
20 1702
20 1703
17 1704
20 1705
17 1706
17 1707
17 1708
20 1709
17 1710
20 1711
20 1712
20 1713
17 1714
17 1715
20 1716
20 1717
20 1718
17 1719
20 1720
17 1721
17 1722
17 1723
20 1724
17 1725
20 1726
20 1727
20 1728
17 1729
17 1730
20 1731
20 1732
20 1733
17 1734
20 1735
17 1736
17 1737
17 1738
20 1739
17 1740
20 1741
20 1742
20 1743
17 1744
17 1745
20 1746
20 1747
20 1748
17 1749
20 1750
17 1751
17 1752
17 1753
20 1754
17 1755
20 1756
20 1757
20 1758
17 1759
17 1760
20 1761
20 1762
20 1763
17 1764
20 1765
17 1766
17 1767
17 1768
20 1769
17 1770
20 1771
20 1772
20 1773
17 1774
17 1775
20 1776
20 1777
20 1778
17 1779
20 1780
17 1781
17 1782
17 1783
20 1784
17 1785
20 1786
20 1787
20 1788
17 1789
17 1790
20 1791
20 1792
20 1793
17 1794
20 1795
17 1796
17 1797
17 1798
20 1799
17 1800
20 1801
20 1802
20 1803
17 1804
17 1805
20 1806
20 1807
20 1808
17 1809
20 1810
17 1811
17 1812
17 1813
20 1814
17 1815
20 1816
20 1817
20 1818
17 1819
17 1820
20 1821
20 1822
20 1823
17 1824
20 1825
17 1826
17 1827
17 1828
20 1829
17 1830
20 1831
20 1832
20 1833
17 1834
17 1835
20 1836
20 1837
20 1838
17 1839
20 1840
17 1841
17 1842
17 1843
20 1844
17 1845
20 1846
20 1847
20 1848
17 1849
17 1850
20 1851
20 1852
20 1853
17 1854
20 1855
17 1856
17 1857
17 1858
20 1859
18 1860
20 1861
20 1862
20 1863
18 1864
18 1865
20 1866
20 1867
20 1868
18 1869
20 1870
18 1871
18 1872
18 1873
20 1874
18 1875
20 1876
20 1877
20 1878
18 1879
18 1880
20 1881
20 1882
20 1883
18 1884
20 1885
18 1886
18 1887
20 1888
18 1889
18 1890
18 1891
20 1892
18 1893
20 1894
20 1895
20 1896
18 1897
20 1898
18 1899
18 1900
20 1901
18 1902
20 1903
18 1904
18 1905
18 1906
20 1907
18 1908
20 1909
20 1910
20 1911
18 1912
20 1913
18 1914
18 1915
20 1916
18 1917
20 1918
18 1919
18 1920
18 1921
20 1922
18 1923
20 1924
20 1925
20 1926
18 1927
18 1928
20 1929
20 1930
20 1931
18 1932
20 1933
18 1934
18 1935
18 1936
20 1937
18 1938
20 1939
20 1940
20 1941
18 1942
18 1943
18 1944
18 1945
20 1946
18 1947
20 1948
18 1949
18 1950
18 1951
20 1952
18 1953
20 1954
18 1955
20 1956
18 1957
18 1958
18 1959
20 1960
20 1961
18 1962
18 1963
18 1964
20 1965
18 1966
20 1967
20 1968
20 1969
18 1970
20 1971
18 1972
18 1973
20 1974
18 1975
20 1976
18 1977
18 1978
18 1979
20 1980
18 1981
20 1982
20 1983
20 1984
18 1985
20 1986
18 1987
18 1988
20 1989
18 1990
20 1991
18 1992
18 1993
18 1994
20 1995
18 1996
20 1997
20 1998
20 1999
18 2000
20 1375
